1 0.02783203125 0.0390625 0.0537109375 0.076171875
1 0.05029296875 0.041015625 0.0712890625 0.080078125
1 0.0830078125 0.0390625 0.068359375 0.076171875
1 0.11572265625 0.03955078125 0.0751953125 0.0771484375
1 0.18359375 0.04345703125 0.076171875 0.0849609375
1 0.24951171875 0.04296875 0.0751953125 0.083984375
1 0.21533203125 0.04150390625 0.0712890625 0.0810546875
1 0.541015625 0.0419921875 0.072265625 0.08203125
1 0.50830078125 0.0400390625 0.0712890625 0.078125
1 0.47607421875 0.03955078125 0.0712890625 0.0771484375
1 0.4423828125 0.04052734375 0.072265625 0.0791015625
1 0.41015625 0.0400390625 0.072265625 0.078125
1 0.37841796875 0.04248046875 0.0732421875 0.0830078125
1 0.3427734375 0.0390625 0.068359375 0.076171875
1 0.31884765625 0.04833984375 0.0751953125 0.0947265625
1 0.279296875 0.0390625 0.068359375 0.076171875
1 0.77099609375 0.84619140625 0.0966796875 0.0283203125
1 0.77294921875 0.8828125 0.0927734375 0.02734375
1 0.765625 0.91650390625 0.08984375 0.0224609375
1 0.7529296875 0.96044921875 0.09765625 0.0244140625
1 0.76220703125 0.9912109375 0.0908203125 0.017578125
0 0.18896484375 0.92333984375 0.0185546875 0.0380859375
0 0.57421875 0.66015625 0.02734375 0.04296875
0 0.181640625 0.6240234375 0.017578125 0.037109375
1 0.7705078125 0.80810546875 0.1015625 0.0322265625
1 0.77685546875 0.7783203125 0.0986328125 0.03515625
1 0.77880859375 0.74609375 0.0986328125 0.033203125
1 0.7822265625 0.71728515625 0.099609375 0.0322265625
1 0.7919921875 0.375 0.064453125 0.025390625
1 0.791015625 0.31689453125 0.078125 0.0244140625
1 0.78857421875 0.287109375 0.0771484375 0.0234375
1 0.78955078125 0.2578125 0.0791015625 0.02734375
1 0.787109375 0.2001953125 0.080078125 0.025390625
1 0.7861328125 0.1435546875 0.08203125 0.021484375
1 0.78564453125 0.1171875 0.0830078125 0.0234375
1 0.78515625 0.08984375 0.08203125 0.0234375
1 0.783203125 0.06298828125 0.083984375 0.0244140625
1 0.77978515625 0.03564453125 0.0849609375 0.0224609375
1 0.78564453125 0.009765625 0.0849609375 0.017578125
1 0.54541015625 0.33447265625 0.0556640625 0.0634765625
1 0.513671875 0.330078125 0.0546875 0.06640625
1 0.48046875 0.3310546875 0.052734375 0.06640625
1 0.56396484375 0.25830078125 0.0517578125 0.0595703125
1 0.5322265625 0.25244140625 0.052734375 0.0615234375
1 0.49755859375 0.2548828125 0.0537109375 0.0625
1 0.46826171875 0.25244140625 0.0498046875 0.0615234375
1 0.43408203125 0.25537109375 0.0517578125 0.0595703125
1 0.4013671875 0.25390625 0.052734375 0.060546875
1 0.369140625 0.25244140625 0.05078125 0.0615234375
1 0.333984375 0.25537109375 0.052734375 0.0615234375
1 0.30322265625 0.251953125 0.0537109375 0.064453125
1 0.26904296875 0.2568359375 0.0517578125 0.0625
1 0.2392578125 0.2509765625 0.0546875 0.064453125
1 0.2021484375 0.25341796875 0.0546875 0.0634765625
1 0.103515625 0.25439453125 0.052734375 0.0615234375
1 0.0703125 0.25537109375 0.05078125 0.0615234375
1 0.0380859375 0.2529296875 0.05078125 0.060546875
1 0.017578125 0.2509765625 0.033203125 0.060546875
1 0.4482421875 0.32958984375 0.05078125 0.0615234375
1 0.1884765625 0.32568359375 0.052734375 0.0615234375
1 0.02490234375 0.32568359375 0.0478515625 0.0634765625
1 0.05615234375 0.3271484375 0.0517578125 0.0625
1 0.12158203125 0.3271484375 0.0537109375 0.064453125
1 0.14892578125 0.33642578125 0.0537109375 0.0654296875
1 0.216796875 0.33740234375 0.0546875 0.0615234375
1 0.25146484375 0.33349609375 0.0537109375 0.0634765625
1 0.28271484375 0.3310546875 0.0537109375 0.064453125
1 0.31689453125 0.33056640625 0.0517578125 0.0634765625
1 0.35107421875 0.32958984375 0.0537109375 0.0615234375
1 0.37939453125 0.33203125 0.0517578125 0.0625
1 0.41357421875 0.33251953125 0.0517578125 0.0615234375
