2 0.02001953125 0.94775390625 0.0380859375 0.1044921875
2 0.07470703125 0.6962890625 0.1474609375 0.142578125
2 0.18701171875 0.52685546875 0.1767578125 0.1826171875
2 0.73291015625 0.7451171875 0.1279296875 0.140625
1 0.0439453125 0.47021484375 0.01953125 0.0185546875
1 0.0537109375 0.4609375 0.01953125 0.017578125
1 0.060546875 0.45263671875 0.01953125 0.0166015625
1 0.1455078125 0.38818359375 0.017578125 0.0244140625
1 0.1572265625 0.38232421875 0.021484375 0.0263671875
1 0.1796875 0.37255859375 0.01953125 0.0244140625
1 0.2939453125 0.341796875 0.01171875 0.02734375
1 0.75146484375 0.5322265625 0.0205078125 0.025390625
