0 0.77880859375 0.4013671875 0.0419921875 0.0390625
0 0.95458984375 0.189453125 0.0498046875 0.04296875
0 0.94287109375 0.2119140625 0.0498046875 0.041015625
0 0.9443359375 0.04296875 0.05859375 0.025390625
1 0.9638671875 0.0087890625 0.072265625 0.015625
0 0.59375 0.2724609375 0.0703125 0.060546875
0 0.7900390625 0.29296875 0.033203125 0.05078125
1 0.861328125 0.23095703125 0.064453125 0.1806640625
1 0.83740234375 0.10693359375 0.0517578125 0.0712890625
1 0.77880859375 0.2060546875 0.0927734375 0.12109375
0 0.5048828125 0.01708984375 0.037109375 0.0322265625
0 0.7900390625 0.126953125 0.037109375 0.048828125
1 0.7470703125 0.193359375 0.056640625 0.0703125
1 0.72607421875 0.17138671875 0.1083984375 0.1650390625
1 0.69873046875 0.158203125 0.1123046875 0.154296875
0 0.6357421875 0.1416015625 0.06640625 0.078125
0 0.72265625 0.0576171875 0.0390625 0.041015625
0 0.646484375 0.01611328125 0.0234375 0.0302734375
1 0.5712890625 0.0791015625 0.11328125 0.15625
1 0.4521484375 0.044921875 0.076171875 0.087890625
1 0.42333984375 0.037109375 0.0654296875 0.072265625
1 0.39599609375 0.029296875 0.0556640625 0.056640625
1 0.361328125 0.01953125 0.044921875 0.037109375
1 0.33154296875 0.0078125 0.0283203125 0.013671875
1 0.2158203125 0.8525390625 0.134765625 0.09375
1 0.2001953125 0.8720703125 0.1328125 0.08984375
1 0.11083984375 0.1748046875 0.1318359375 0.083984375
1 0.25048828125 0.83935546875 0.1337890625 0.0986328125
0 0.2373046875 0.7197265625 0.04296875 0.044921875
0 0.3115234375 0.44091796875 0.052734375 0.0654296875
1 0.09814453125 0.5068359375 0.1240234375 0.091796875
1 0.294921875 0.83203125 0.103515625 0.080078125
1 0.134765625 0.40380859375 0.10546875 0.0810546875
1 0.12841796875 0.4306640625 0.1064453125 0.08203125
0 0.38623046875 0.6923828125 0.0615234375 0.05078125
1 0.23486328125 0.3662109375 0.0263671875 0.083984375
1 0.09033203125 0.533203125 0.1337890625 0.1015625
0 0.44580078125 0.50439453125 0.0419921875 0.0517578125
1 0.134765625 0.46435546875 0.154296875 0.1103515625
1 0.22216796875 0.4794921875 0.0595703125 0.1015625
1 0.35546875 0.7822265625 0.134765625 0.091796875
1 0.35546875 0.7431640625 0.1328125 0.091796875
0 0.50927734375 0.64013671875 0.0478515625 0.0439453125
0 0.6689453125 0.32763671875 0.06640625 0.0595703125
0 0.5302734375 0.5615234375 0.052734375 0.05859375
0 0.46630859375 0.51708984375 0.0419921875 0.0478515625
