5 0.560546875 0.07080078125 0.013671875 0.1103515625
5 0.7255859375 0.03173828125 0.01171875 0.0615234375
5 0.8388671875 0.01171875 0.009765625 0.021484375
5 0.91357421875 0.00927734375 0.0087890625 0.0166015625
5 0.97705078125 0.00439453125 0.0087890625 0.0068359375
5 0.68505859375 0.0419921875 0.0126953125 0.08203125
5 0.28076171875 0.2412109375 0.0146484375 0.091796875
5 0.42822265625 0.17138671875 0.0498046875 0.0849609375
5 0.021484375 0.34423828125 0.02734375 0.1025390625
5 0.22314453125 0.25341796875 0.0283203125 0.0810546875
