0 0.515625 0.26953125 0.01953125 0.041015625
0 0.7294921875 0.3095703125 0.03125 0.044921875
0 0.66064453125 0.28955078125 0.0283203125 0.0439453125
0 0.68505859375 0.2978515625 0.0341796875 0.048828125
0 0.58544921875 0.26806640625 0.0205078125 0.0458984375
0 0.56005859375 0.2666015625 0.0185546875 0.037109375
0 0.5361328125 0.271484375 0.01953125 0.044921875
0 0.46435546875 0.263671875 0.0205078125 0.0390625
0 0.51513671875 0.22412109375 0.0185546875 0.0400390625
0 0.49169921875 0.22119140625 0.0224609375 0.0458984375
0 0.740234375 0.1201171875 0.01953125 0.037109375
0 0.71337890625 0.11669921875 0.0185546875 0.0439453125
0 0.69189453125 0.12109375 0.0205078125 0.04296875
0 0.669921875 0.1171875 0.01953125 0.044921875
0 0.755859375 0.236328125 0.021484375 0.048828125
0 0.708984375 0.23681640625 0.01953125 0.0361328125
0 0.6376953125 0.23095703125 0.01953125 0.0400390625
0 0.7734375 0.32861328125 0.03125 0.0478515625
0 0.90283203125 0.23095703125 0.0478515625 0.0205078125
0 0.8974609375 0.25634765625 0.046875 0.0205078125
0 0.89990234375 0.279296875 0.0478515625 0.017578125
0 0.77978515625 0.236328125 0.0205078125 0.0546875
0 0.7568359375 0.44482421875 0.033203125 0.0478515625
0 0.7333984375 0.4384765625 0.033203125 0.044921875
0 0.71044921875 0.42822265625 0.0380859375 0.0478515625
0 0.669921875 0.41064453125 0.03125 0.0478515625
0 0.66455078125 0.23095703125 0.0185546875 0.0400390625
0 0.53759765625 0.2255859375 0.0185546875 0.04296875
0 0.5625 0.220703125 0.021484375 0.044921875
0 0.4677734375 0.2216796875 0.01953125 0.0390625
0 0.49072265625 0.26416015625 0.0205078125 0.0400390625
0 0.64404296875 0.11767578125 0.0185546875 0.0419921875
0 0.685546875 0.2314453125 0.01953125 0.041015625
10 0.60986328125 0.66943359375 0.5888671875 0.6025390625
0 0.7802734375 0.07958984375 0.041015625 0.0126953125
0 0.90478515625 0.08544921875 0.0400390625 0.0146484375
0 0.96875 0.59521484375 0.033203125 0.0185546875
0 0.96728515625 0.62109375 0.0341796875 0.017578125
0 0.966796875 0.64306640625 0.033203125 0.0166015625
0 0.96484375 0.66552734375 0.03515625 0.0166015625
0 0.96875 0.70849609375 0.025390625 0.0166015625
0 0.96435546875 0.73291015625 0.0341796875 0.0205078125
0 0.9677734375 0.7568359375 0.025390625 0.013671875
0 0.96337890625 0.77978515625 0.0322265625 0.0185546875
0 0.96337890625 0.82470703125 0.0283203125 0.0166015625
0 0.9638671875 0.84375 0.02734375 0.017578125
0 0.9619140625 0.86328125 0.029296875 0.01953125
0 0.9609375 0.884765625 0.03125 0.01953125
0 0.9619140625 0.90673828125 0.02734375 0.0205078125
0 0.9619140625 0.92578125 0.02734375 0.015625
0 0.96240234375 0.9482421875 0.0263671875 0.017578125
0 0.9599609375 0.9697265625 0.029296875 0.021484375
0 0.587890625 0.22412109375 0.017578125 0.0380859375
0 0.73046875 0.2333984375 0.01953125 0.04296875
0 0.89990234375 0.10498046875 0.0439453125 0.0224609375
0 0.90625 0.13037109375 0.04296875 0.0205078125
0 0.70947265625 0.302734375 0.0283203125 0.04296875
0 0.80078125 0.46142578125 0.029296875 0.0400390625
0 0.7822265625 0.447265625 0.03125 0.041015625
0 0.6884765625 0.4169921875 0.033203125 0.046875
0 0.64794921875 0.4033203125 0.0302734375 0.041015625
0 0.625 0.3935546875 0.029296875 0.0390625
0 0.603515625 0.384765625 0.029296875 0.0390625
0 0.75537109375 0.31982421875 0.0341796875 0.0478515625
