10 0.45849609375 0.30859375 0.9150390625 0.615234375
0 0.697265625 0.87744140625 0.029296875 0.0595703125
0 0.072265625 0.7734375 0.046875 0.01953125
0 0.2197265625 0.703125 0.046875 0.021484375
0 0.67529296875 0.8720703125 0.0283203125 0.048828125
0 0.732421875 0.71728515625 0.044921875 0.0205078125
0 0.63037109375 0.712890625 0.0400390625 0.021484375
0 0.59033203125 0.74267578125 0.0458984375 0.0244140625
0 0.85791015625 0.7216796875 0.0458984375 0.0234375
0 0.62158203125 0.787109375 0.0380859375 0.017578125
0 0.576171875 0.7138671875 0.04296875 0.021484375
0 0.5322265625 0.7138671875 0.04296875 0.021484375
0 0.6796875 0.71728515625 0.044921875 0.0224609375
0 0.77734375 0.720703125 0.04296875 0.021484375
0 0.90576171875 0.72119140625 0.0400390625 0.0185546875
0 0.427734375 0.7109375 0.046875 0.0234375
0 0.37646484375 0.7080078125 0.0400390625 0.01953125
0 0.1220703125 0.7705078125 0.04296875 0.021484375
0 0.0185546875 0.7685546875 0.03515625 0.0234375
0 0.11083984375 0.7021484375 0.0595703125 0.025390625
0 0.05078125 0.69873046875 0.041015625 0.0185546875
0 0.0107421875 0.6982421875 0.01953125 0.021484375
