2 0.22314453125 0.8603515625 0.2939453125 0.279296875
0 0.099609375 0.255859375 0.01953125 0.033203125
0 0.08251953125 0.25048828125 0.0224609375 0.0302734375
0 0.00634765625 0.51416015625 0.0107421875 0.0322265625
2 0.37451171875 0.67236328125 0.3291015625 0.3251953125
0 0.26220703125 0.01904296875 0.0322265625 0.0263671875
0 0.2958984375 0.04833984375 0.033203125 0.0263671875
0 0.24609375 0.0322265625 0.03515625 0.03125
0 0.2802734375 0.056640625 0.037109375 0.03125
2 0.60400390625 0.0791015625 0.4423828125 0.15625
