2 0.13330078125 0.5146484375 0.0986328125 0.095703125
2 0.666015625 0.60107421875 0.126953125 0.1357421875
2 0.10205078125 0.974609375 0.0888671875 0.05078125
2 0.05615234375 0.92822265625 0.1005859375 0.0986328125
2 0.50048828125 0.4609375 0.0869140625 0.080078125
2 0.34326171875 0.58642578125 0.0908203125 0.0869140625
2 0.26171875 0.642578125 0.08984375 0.087890625
2 0.03564453125 0.82080078125 0.0693359375 0.0947265625
2 0.50341796875 0.2451171875 0.1044921875 0.1015625
2 0.3193359375 0.048828125 0.095703125 0.095703125
2 0.169921875 0.16064453125 0.09765625 0.0849609375
2 0.08154296875 0.22021484375 0.1083984375 0.1025390625
2 0.76953125 0.521484375 0.125 0.130859375
