0 0.9013671875 0.802734375 0.017578125 0.033203125
1 0.76806640625 0.03369140625 0.0634765625 0.0615234375
1 0.16748046875 0.04296875 0.0439453125 0.083984375
1 0.11376953125 0.33935546875 0.1259765625 0.1708984375
1 0.2587890625 0.13427734375 0.12890625 0.1376953125
1 0.27978515625 0.1513671875 0.1298828125 0.140625
0 0.859375 0.85205078125 0.04296875 0.0283203125
0 0.26220703125 0.76513671875 0.0400390625 0.0263671875
0 0.28076171875 0.73095703125 0.0380859375 0.0263671875
0 0.30224609375 0.681640625 0.0341796875 0.0234375
0 0.318359375 0.646484375 0.03515625 0.02734375
0 0.326171875 0.62744140625 0.03125 0.0263671875
0 0.3359375 0.611328125 0.033203125 0.02734375
0 0.57568359375 0.41552734375 0.0322265625 0.0302734375
0 0.64501953125 0.580078125 0.0302734375 0.03515625
0 0.63671875 0.52587890625 0.017578125 0.0302734375
0 0.615234375 0.52490234375 0.017578125 0.0341796875
0 0.59375 0.52392578125 0.01953125 0.0322265625
0 0.609375 0.6328125 0.015625 0.029296875
0 0.58740234375 0.6357421875 0.0166015625 0.033203125
0 0.56298828125 0.63232421875 0.0185546875 0.0322265625
0 0.541015625 0.62744140625 0.025390625 0.0361328125
0 0.5185546875 0.615234375 0.029296875 0.03515625
0 0.490234375 0.59326171875 0.02734375 0.0322265625
0 0.47021484375 0.583984375 0.0322265625 0.03125
0 0.5869140625 0.3974609375 0.03515625 0.029296875
0 0.4326171875 0.4189453125 0.03515625 0.02734375
0 0.4423828125 0.40234375 0.029296875 0.029296875
0 0.45556640625 0.38818359375 0.0361328125 0.0302734375
0 0.47216796875 0.37451171875 0.0283203125 0.0263671875
0 0.48486328125 0.35791015625 0.0322265625 0.0283203125
0 0.513671875 0.32470703125 0.03515625 0.0283203125
0 0.52587890625 0.31005859375 0.0341796875 0.0322265625
0 0.2744140625 0.748046875 0.037109375 0.025390625
0 0.25634765625 0.7861328125 0.0361328125 0.02734375
0 0.54833984375 0.279296875 0.0341796875 0.029296875
0 0.2490234375 0.80322265625 0.033203125 0.0244140625
0 0.818359375 0.84326171875 0.03125 0.0185546875
0 0.7802734375 0.81396484375 0.033203125 0.0341796875
0 0.767578125 0.7626953125 0.01953125 0.03515625
0 0.73876953125 0.69873046875 0.0302734375 0.0341796875
0 0.68359375 0.68359375 0.029296875 0.015625
0 0.61962890625 0.96044921875 0.0166015625 0.0341796875
0 0.5986328125 0.95947265625 0.017578125 0.0341796875
0 0.39599609375 0.95751953125 0.0185546875 0.0341796875
0 0.41943359375 0.95654296875 0.0166015625 0.0283203125
0 0.556640625 0.95849609375 0.017578125 0.0283203125
0 0.638671875 0.8505859375 0.015625 0.033203125
0 0.61962890625 0.85009765625 0.0185546875 0.0361328125
0 0.5966796875 0.85009765625 0.017578125 0.0341796875
0 0.51953125 0.8515625 0.015625 0.03515625
0 0.50048828125 0.84814453125 0.0166015625 0.0361328125
0 0.4814453125 0.84619140625 0.01953125 0.0341796875
0 0.43798828125 0.84521484375 0.0166015625 0.0361328125
0 0.416015625 0.83984375 0.013671875 0.033203125
0 0.51708984375 0.9560546875 0.0146484375 0.033203125
0 0.49462890625 0.95654296875 0.0146484375 0.0302734375
0 0.455078125 0.9541015625 0.015625 0.03125
0 0.3349609375 0.94970703125 0.017578125 0.0361328125
0 0.3154296875 0.94873046875 0.015625 0.0341796875
0 0.29150390625 0.94677734375 0.0185546875 0.0302734375
0 0.23876953125 0.84423828125 0.0322265625 0.0205078125
0 0.53515625 0.296875 0.029296875 0.03125
0 0.5615234375 0.26025390625 0.029296875 0.0283203125
0 0.72802734375 0.271484375 0.0322265625 0.033203125
0 0.74560546875 0.2490234375 0.0322265625 0.029296875
0 0.79638671875 0.18359375 0.0205078125 0.0234375
0 0.71435546875 0.09228515625 0.0380859375 0.0322265625
0 0.7255859375 0.07568359375 0.037109375 0.0322265625
0 0.7431640625 0.05908203125 0.037109375 0.0322265625
0 0.35302734375 0.7177734375 0.0283203125 0.037109375
0 0.1923828125 0.7314453125 0.02734375 0.03515625
0 0.3984375 0.56103515625 0.03515625 0.0517578125
0 0.35400390625 0.478515625 0.0302734375 0.03125
0 0.28076171875 0.4541015625 0.0302734375 0.03515625
0 0.2099609375 0.3759765625 0.037109375 0.025390625
0 0.640625 0.064453125 0.029296875 0.033203125
0 0.03857421875 0.8564453125 0.0224609375 0.03515625
0 0.00830078125 0.9892578125 0.0146484375 0.021484375
0 0.01806640625 0.93603515625 0.0283203125 0.0322265625
