6 0.8212890625 0.37060546875 0.357421875 0.6259765625
7 0.88818359375 0.42431640625 0.2236328125 0.4169921875
10 0.2919921875 0.56689453125 0.1875 0.1806640625
10 0.49365234375 0.404296875 0.1806640625 0.171875
10 0.53466796875 0.13525390625 0.2099609375 0.1904296875
10 0.24169921875 0.08154296875 0.2001953125 0.1611328125
10 0.38232421875 0.80712890625 0.1181640625 0.1083984375
10 0.56494140625 0.69140625 0.1337890625 0.115234375
8 0.69482421875 0.59814453125 0.0810546875 0.0947265625
8 0.74169921875 0.56494140625 0.0791015625 0.0966796875
8 0.7822265625 0.7216796875 0.08203125 0.09765625
8 0.82568359375 0.68701171875 0.0751953125 0.0927734375
8 0.91943359375 0.80419921875 0.0810546875 0.0986328125
8 0.9658203125 0.76708984375 0.068359375 0.0927734375
