1 0.9384765625 0.30859375 0.09765625 0.0859375
0 0.06640625 0.6181640625 0.02734375 0.029296875
0 0.51025390625 0.98095703125 0.0283203125 0.0126953125
0 0.41259765625 0.99169921875 0.0322265625 0.0166015625
0 0.75537109375 0.54248046875 0.0146484375 0.0302734375
0 0.64794921875 0.4296875 0.0322265625 0.017578125
0 0.5595703125 0.0810546875 0.037109375 0.0390625
0 0.2421875 0.693359375 0.015625 0.03125
0 0.01171875 0.69384765625 0.021484375 0.0322265625
0 0.01953125 0.3837890625 0.03125 0.029296875
0 0.92724609375 0.2822265625 0.0283203125 0.02734375
0 0.00537109375 0.36474609375 0.0087890625 0.0205078125
0 0.0244140625 0.35546875 0.029296875 0.02734375
0 0.14697265625 0.32275390625 0.0302734375 0.0283203125
0 0.107421875 0.28955078125 0.03125 0.0302734375
0 0.07763671875 0.2626953125 0.0302734375 0.029296875
0 0.048828125 0.2412109375 0.02734375 0.025390625
0 0.02783203125 0.22021484375 0.0263671875 0.0263671875
0 0.009765625 0.201171875 0.017578125 0.0234375
1 0.5595703125 0.9892578125 0.10546875 0.021484375
0 0.6962890625 0.9521484375 0.03515625 0.033203125
0 0.875 0.33984375 0.021484375 0.025390625
0 0.79296875 0.71484375 0.015625 0.03515625
0 0.78173828125 0.76416015625 0.0205078125 0.0263671875
0 0.7724609375 0.82861328125 0.025390625 0.0341796875
11 0.51123046875 0.68115234375 0.7646484375 0.6376953125
