1 0.06591796875 0.62353515625 0.0576171875 0.0654296875
1 0.02490234375 0.4501953125 0.0478515625 0.056640625
1 0.046875 0.45947265625 0.068359375 0.0654296875
1 0.09375 0.45263671875 0.068359375 0.0654296875
1 0.12255859375 0.4638671875 0.0673828125 0.0703125
1 0.16650390625 0.46240234375 0.0712890625 0.0654296875
1 0.01220703125 0.63525390625 0.0224609375 0.0400390625
1 0.03076171875 0.62548828125 0.0595703125 0.0654296875
1 0.1005859375 0.62060546875 0.056640625 0.0615234375
1 0.181640625 0.6318359375 0.060546875 0.0625
1 0.22216796875 0.634765625 0.0615234375 0.060546875
1 0.26416015625 0.6396484375 0.0595703125 0.06640625
1 0.29638671875 0.63720703125 0.0615234375 0.0673828125
1 0.017578125 0.6845703125 0.033203125 0.04296875
1 0.04638671875 0.68896484375 0.0634765625 0.0615234375
1 0.0732421875 0.7021484375 0.06640625 0.064453125
1 0.3076171875 0.3974609375 0.064453125 0.0703125
1 0.2705078125 0.39697265625 0.064453125 0.0673828125
1 0.23193359375 0.3935546875 0.0634765625 0.0703125
1 0.19189453125 0.38818359375 0.0654296875 0.0673828125
1 0.27734375 0.15478515625 0.064453125 0.0693359375
1 0.3134765625 0.14892578125 0.064453125 0.0673828125
1 0.013671875 0.19384765625 0.025390625 0.0380859375
1 0.0322265625 0.21240234375 0.0625 0.0615234375
1 0.05712890625 0.2216796875 0.0732421875 0.064453125
1 0.09912109375 0.220703125 0.0732421875 0.068359375
1 0.14404296875 0.21484375 0.0712890625 0.068359375
1 0.17578125 0.22509765625 0.072265625 0.0673828125
1 0.21435546875 0.2236328125 0.0712890625 0.068359375
1 0.25537109375 0.22216796875 0.0693359375 0.0673828125
1 0.29296875 0.224609375 0.068359375 0.06640625
1 0.33349609375 0.2275390625 0.0712890625 0.06640625
1 0.01611328125 0.392578125 0.0302734375 0.048828125
1 0.033203125 0.37548828125 0.064453125 0.0693359375
1 0.06787109375 0.376953125 0.0673828125 0.064453125
1 0.1103515625 0.3798828125 0.064453125 0.064453125
1 0.1513671875 0.388671875 0.060546875 0.068359375
1 0.11962890625 0.6962890625 0.0634765625 0.0625
1 0.15869140625 0.6953125 0.0673828125 0.0625
1 0.197265625 0.69482421875 0.06640625 0.0634765625
1 0.23095703125 0.703125 0.0712890625 0.060546875
1 0.25341796875 0.71923828125 0.0673828125 0.0595703125
1 0.3173828125 0.70166015625 0.06640625 0.0615234375
1 0.02392578125 0.85888671875 0.0458984375 0.0595703125
1 0.04833984375 0.8544921875 0.0615234375 0.064453125
1 0.0927734375 0.8603515625 0.05859375 0.068359375
1 0.1259765625 0.859375 0.0625 0.06640625
1 0.16259765625 0.8603515625 0.0615234375 0.068359375
1 0.01171875 0.91796875 0.021484375 0.037109375
1 0.03369140625 0.9296875 0.0654296875 0.06640625
1 0.07177734375 0.93017578125 0.0673828125 0.0654296875
1 0.1123046875 0.931640625 0.068359375 0.060546875
1 0.14501953125 0.93798828125 0.0693359375 0.0634765625
1 0.17626953125 0.9404296875 0.0693359375 0.06640625
1 0.220703125 0.94482421875 0.0703125 0.0634765625
1 0.19970703125 0.14697265625 0.0654296875 0.0673828125
1 0.16259765625 0.14892578125 0.0654296875 0.0654296875
1 0.126953125 0.1474609375 0.0625 0.064453125
1 0.087890625 0.14599609375 0.06640625 0.0693359375
1 0.02099609375 0.14208984375 0.0400390625 0.0595703125
1 0.05224609375 0.1455078125 0.0634765625 0.068359375
1 0.978515625 0.88916015625 0.04296875 0.0654296875
1 0.59619140625 0.95947265625 0.0869140625 0.0810546875
1 0.7060546875 0.96484375 0.083984375 0.0703125
1 0.74560546875 0.9658203125 0.0751953125 0.068359375
1 0.7841796875 0.966796875 0.080078125 0.06640625
1 0.82080078125 0.96875 0.0849609375 0.0625
1 0.86181640625 0.96826171875 0.0791015625 0.0634765625
1 0.8955078125 0.970703125 0.078125 0.05859375
1 0.93505859375 0.9697265625 0.0791015625 0.060546875
1 0.96728515625 0.970703125 0.0654296875 0.05859375
1 0.9580078125 0.8974609375 0.080078125 0.08203125
1 0.916015625 0.89453125 0.078125 0.0859375
1 0.75048828125 0.7353515625 0.0830078125 0.072265625
1 0.83349609375 0.7353515625 0.0791015625 0.072265625
1 0.87451171875 0.73095703125 0.0791015625 0.0712890625
1 0.90673828125 0.74072265625 0.0830078125 0.0732421875
1 0.9443359375 0.740234375 0.083984375 0.07421875
1 0.97216796875 0.74853515625 0.0556640625 0.0693359375
1 0.98876953125 0.767578125 0.0224609375 0.03515625
1 0.58154296875 0.8798828125 0.0791015625 0.083984375
1 0.6220703125 0.88525390625 0.078125 0.0849609375
1 0.65673828125 0.88525390625 0.0771484375 0.0869140625
1 0.69482421875 0.88134765625 0.0771484375 0.0810546875
1 0.77197265625 0.890625 0.0791015625 0.0859375
1 0.810546875 0.89453125 0.0703125 0.083984375
1 0.849609375 0.896484375 0.072265625 0.08203125
1 0.8828125 0.896484375 0.080078125 0.083984375
1 0.67578125 0.73046875 0.080078125 0.07421875
1 0.716796875 0.72998046875 0.0859375 0.0751953125
1 0.63916015625 0.72509765625 0.0810546875 0.0751953125
1 0.61474609375 0.166015625 0.0771484375 0.080078125
1 0.64501953125 0.16162109375 0.0771484375 0.0810546875
1 0.693359375 0.17333984375 0.076171875 0.0849609375
1 0.7265625 0.16943359375 0.076171875 0.0830078125
1 0.806640625 0.177734375 0.080078125 0.08203125
1 0.84326171875 0.177734375 0.0712890625 0.08203125
1 0.623046875 0.2470703125 0.083984375 0.078125
1 0.66064453125 0.25341796875 0.0830078125 0.0751953125
1 0.69873046875 0.25634765625 0.0830078125 0.0751953125
1 0.78125 0.25 0.08203125 0.07421875
1 0.81298828125 0.2607421875 0.0791015625 0.080078125
1 0.85546875 0.259765625 0.08203125 0.076171875
1 0.892578125 0.2587890625 0.08203125 0.07421875
1 0.9326171875 0.259765625 0.080078125 0.078125
1 0.962890625 0.26513671875 0.07421875 0.0751953125
1 0.98388671875 0.27734375 0.0322265625 0.04296875
1 0.97802734375 0.17333984375 0.0439453125 0.0595703125
1 0.84423828125 0.49853515625 0.0830078125 0.0771484375
1 0.92138671875 0.49853515625 0.0830078125 0.0751953125
1 0.9599609375 0.501953125 0.080078125 0.07421875
1 0.58935546875 0.63818359375 0.0771484375 0.0830078125
1 0.6240234375 0.63525390625 0.076171875 0.0830078125
1 0.66162109375 0.63916015625 0.0771484375 0.0830078125
1 0.7080078125 0.65185546875 0.080078125 0.0810546875
1 0.7421875 0.6484375 0.078125 0.083984375
1 0.78125 0.64892578125 0.078125 0.0791015625
1 0.8203125 0.65185546875 0.07421875 0.0810546875
1 0.85693359375 0.65283203125 0.0830078125 0.0810546875
1 0.89794921875 0.65625 0.0771484375 0.08203125
1 0.96435546875 0.65380859375 0.0712890625 0.0830078125
1 0.984375 0.63671875 0.03125 0.052734375
1 0.88232421875 0.49853515625 0.0791015625 0.0771484375
1 0.8076171875 0.49462890625 0.080078125 0.0771484375
1 0.76611328125 0.4921875 0.0791015625 0.072265625
1 0.6396484375 0.4033203125 0.076171875 0.080078125
1 0.6767578125 0.40380859375 0.076171875 0.0830078125
1 0.7158203125 0.41015625 0.08203125 0.08203125
1 0.755859375 0.41162109375 0.076171875 0.0791015625
1 0.791015625 0.41162109375 0.072265625 0.0830078125
1 0.8291015625 0.412109375 0.07421875 0.078125
1 0.86865234375 0.416015625 0.0751953125 0.080078125
1 0.9052734375 0.41650390625 0.076171875 0.0791015625
1 0.94287109375 0.41796875 0.0771484375 0.078125
1 0.97119140625 0.4189453125 0.0576171875 0.076171875
1 0.98974609375 0.3984375 0.0205078125 0.037109375
1 0.67626953125 0.5 0.0791015625 0.07421875
1 0.73291015625 0.4873046875 0.0869140625 0.07421875
