1 0.14501953125 0.96533203125 0.0751953125 0.0693359375
1 0.17431640625 0.962890625 0.0732421875 0.07421875
1 0.22119140625 0.9677734375 0.0693359375 0.064453125
1 0.255859375 0.96630859375 0.072265625 0.0673828125
1 0.33349609375 0.970703125 0.0712890625 0.05859375
1 0.36962890625 0.970703125 0.0615234375 0.05859375
1 0.5546875 0.9736328125 0.0546875 0.052734375
1 0.51806640625 0.97412109375 0.0615234375 0.0517578125
1 0.5908203125 0.97509765625 0.060546875 0.0498046875
1 0.630859375 0.97509765625 0.0546875 0.0498046875
