0 0.17431640625 0.5126953125 0.0283203125 0.02734375
0 0.0126953125 0.49462890625 0.0234375 0.0263671875
0 0.14697265625 0.4853515625 0.0322265625 0.037109375
0 0.2001953125 0.5380859375 0.033203125 0.03125
0 0.22998046875 0.5654296875 0.0283203125 0.029296875
0 0.30712890625 0.544921875 0.0283203125 0.025390625
0 0.2822265625 0.52099609375 0.029296875 0.0302734375
0 0.185546875 0.42822265625 0.02734375 0.0283203125
0 0.1572265625 0.4013671875 0.03125 0.03125
0 0.12744140625 0.37451171875 0.0341796875 0.0361328125
0 0.0693359375 0.31640625 0.03125 0.03125
0 0.03857421875 0.28369140625 0.0341796875 0.0283203125
0 0.0126953125 0.2578125 0.0234375 0.033203125
0 0.52392578125 0.21435546875 0.0302734375 0.0283203125
1 0.4853515625 0.22216796875 0.103515625 0.1044921875
0 0.634765625 0.32421875 0.029296875 0.03125
0 0.77197265625 0.45947265625 0.0322265625 0.0322265625
0 0.74755859375 0.43408203125 0.0322265625 0.0322265625
0 0.958984375 0.48876953125 0.025390625 0.0283203125
0 0.9541015625 0.6376953125 0.01953125 0.029296875
0 0.9287109375 0.61181640625 0.0390625 0.0361328125
0 0.9482421875 0.72705078125 0.02734375 0.0322265625
0 0.6337890625 0.9599609375 0.037109375 0.0390625
0 0.6708984375 0.9892578125 0.03125 0.021484375
