1 0.76904296875 0.53173828125 0.0166015625 0.0458984375
0 0.83203125 0.2294921875 0.025390625 0.037109375
0 0.818359375 0.267578125 0.0234375 0.03125
0 0.791015625 0.369140625 0.029296875 0.0546875
0 0.7763671875 0.42626953125 0.015625 0.0263671875
0 0.63134765625 0.3759765625 0.0205078125 0.0234375
1 0.77001953125 0.58935546875 0.0205078125 0.0439453125
0 0.77099609375 0.63330078125 0.0126953125 0.0283203125
1 0.84326171875 0.64794921875 0.0537109375 0.0302734375
1 0.81982421875 0.50146484375 0.0185546875 0.0537109375
0 0.77099609375 0.466796875 0.0166015625 0.03125
0 0.68701171875 0.3076171875 0.0244140625 0.033203125
0 0.77392578125 0.68701171875 0.0126953125 0.0322265625
0 0.7724609375 0.72314453125 0.013671875 0.0322265625
0 0.77783203125 0.76416015625 0.0166015625 0.0322265625
0 0.8310546875 0.7880859375 0.015625 0.033203125
0 0.82421875 0.716796875 0.015625 0.03515625
0 0.8349609375 0.11962890625 0.029296875 0.0419921875
0 0.67724609375 0.21875 0.0185546875 0.0234375
0 0.30810546875 0.6630859375 0.0185546875 0.0390625
0 0.04833984375 0.3837890625 0.0146484375 0.02734375
0 0.06591796875 0.39111328125 0.0146484375 0.0302734375
0 0.083984375 0.39990234375 0.015625 0.0302734375
0 0.10400390625 0.41015625 0.0146484375 0.03125
0 0.1259765625 0.41796875 0.013671875 0.03125
0 0.16357421875 0.43505859375 0.0126953125 0.0322265625
0 0.07373046875 0.5634765625 0.0166015625 0.029296875
0 0.0927734375 0.57275390625 0.015625 0.0302734375
0 0.1123046875 0.5791015625 0.017578125 0.029296875
0 0.0546875 0.55322265625 0.017578125 0.0302734375
0 0.6923828125 0.1796875 0.01953125 0.025390625
0 0.03515625 0.54833984375 0.015625 0.0283203125
0 0.2763671875 0.96923828125 0.03125 0.0400390625
0 0.23486328125 0.95751953125 0.0185546875 0.0185546875
0 0.208984375 0.98828125 0.025390625 0.0234375
0 0.74267578125 0.05810546875 0.0244140625 0.0322265625
0 0.72705078125 0.09423828125 0.0244140625 0.0322265625
0 0.708984375 0.13427734375 0.0234375 0.0283203125
0 0.68798828125 0.9814453125 0.0341796875 0.02734375
0 0.49853515625 0.93994140625 0.0244140625 0.0361328125
0 0.67041015625 0.9638671875 0.0341796875 0.03125
0 0.65478515625 0.9501953125 0.0244140625 0.02734375
0 0.630859375 0.94189453125 0.021484375 0.0341796875
0 0.61181640625 0.93408203125 0.0146484375 0.0322265625
0 0.59228515625 0.93212890625 0.0166015625 0.0322265625
0 0.5732421875 0.93359375 0.015625 0.03125
0 0.5576171875 0.93798828125 0.015625 0.0302734375
0 0.5400390625 0.93798828125 0.017578125 0.0341796875
0 0.51904296875 0.9384765625 0.0244140625 0.037109375
0 0.47900390625 0.95263671875 0.0322265625 0.0322265625
0 0.46044921875 0.96533203125 0.0322265625 0.0302734375
0 0.4482421875 0.9814453125 0.029296875 0.03125
0 0.431640625 0.99169921875 0.033203125 0.0166015625
11 0.5009765625 0.66650390625 0.478515625 0.5068359375
