2 0.02099609375 0.02001953125 0.0400390625 0.0380859375
2 0.265625 0.18359375 0.052734375 0.0546875
2 0.05859375 0.28515625 0.064453125 0.0625
2 0.0302734375 0.2490234375 0.05859375 0.0703125
2 0.515625 0.3984375 0.052734375 0.0546875
2 0.25634765625 0.294921875 0.0439453125 0.0546875
2 0.20849609375 0.28857421875 0.0419921875 0.0458984375
2 0.16162109375 0.2890625 0.0400390625 0.05078125
2 0.11279296875 0.28466796875 0.0302734375 0.0458984375
2 0.18017578125 0.05419921875 0.0361328125 0.0419921875
2 0.55322265625 0.0625 0.0458984375 0.044921875
2 0.53466796875 0.27587890625 0.0498046875 0.0634765625
