5 0.11376953125 0.025390625 0.0751953125 0.048828125
4 0.06640625 0.0244140625 0.025390625 0.025390625
4 0.115234375 0.041015625 0.02734375 0.01953125
4 0.09423828125 0.02197265625 0.0107421875 0.0107421875
4 0.1103515625 0.0087890625 0.01953125 0.015625
4 0.0634765625 0.00634765625 0.015625 0.0107421875
4 0.10107421875 0.033203125 0.0146484375 0.015625
4 0.12060546875 0.01806640625 0.0146484375 0.0146484375
4 0.1396484375 0.00634765625 0.017578125 0.0107421875
4 0.12548828125 0.04638671875 0.0263671875 0.0205078125
5 0.0537109375 0.00634765625 0.017578125 0.0107421875
4 0.27490234375 0.02392578125 0.0185546875 0.0185546875
4 0.3623046875 0.158203125 0.04296875 0.033203125
4 0.33740234375 0.12255859375 0.0224609375 0.0166015625
4 0.33349609375 0.11279296875 0.0166015625 0.0126953125
4 0.33056640625 0.10546875 0.0185546875 0.015625
4 0.32275390625 0.10009765625 0.0205078125 0.0166015625
4 0.31982421875 0.09130859375 0.0166015625 0.0146484375
4 0.30908203125 0.0771484375 0.0205078125 0.017578125
4 0.30712890625 0.06884765625 0.0146484375 0.0146484375
4 0.30126953125 0.06103515625 0.0185546875 0.0146484375
4 0.296875 0.05322265625 0.015625 0.0146484375
4 0.28662109375 0.037109375 0.0205078125 0.017578125
4 0.3369140625 0.04443359375 0.033203125 0.0263671875
4 0.32421875 0.02392578125 0.033203125 0.0263671875
4 0.31640625 0.0126953125 0.033203125 0.025390625
4 0.30322265625 0.0078125 0.0244140625 0.013671875
5 0.5361328125 0.29052734375 0.15234375 0.1201171875
4 0.35888671875 0.09423828125 0.0244140625 0.0185546875
4 0.34912109375 0.0703125 0.0263671875 0.01953125
4 0.34326171875 0.05810546875 0.0302734375 0.0205078125
4 0.67431640625 0.939453125 0.0419921875 0.12109375
5 0.57177734375 0.64892578125 0.0712890625 0.0224609375
4 0.55712890625 0.66943359375 0.0146484375 0.0263671875
4 0.59521484375 0.67578125 0.0146484375 0.03125
4 0.59326171875 0.62158203125 0.0166015625 0.0419921875
4 0.5712890625 0.62158203125 0.017578125 0.0400390625
4 0.556640625 0.62353515625 0.01171875 0.0283203125
4 0.49462890625 0.470703125 0.0224609375 0.029296875
4 0.4794921875 0.4765625 0.01953125 0.02734375
4 0.45751953125 0.48486328125 0.0087890625 0.0146484375
4 0.44140625 0.4580078125 0.013671875 0.015625
4 0.44775390625 0.4501953125 0.0126953125 0.015625
4 0.3818359375 0.11328125 0.037109375 0.02734375
5 0.47705078125 0.44873046875 0.1044921875 0.0947265625
5 0.337890625 0.0810546875 0.142578125 0.16015625
5 0.50390625 0.20361328125 0.109375 0.0966796875
4 0.4619140625 0.4404296875 0.021484375 0.02734375
4 0.474609375 0.43017578125 0.021484375 0.0263671875
4 0.48974609375 0.42578125 0.0185546875 0.021484375
4 0.49951171875 0.416015625 0.0263671875 0.033203125
4 0.48095703125 0.33154296875 0.0224609375 0.0224609375
4 0.4912109375 0.3232421875 0.01953125 0.0234375
4 0.5087890625 0.31787109375 0.021484375 0.0283203125
4 0.533203125 0.29931640625 0.0234375 0.0283203125
4 0.54541015625 0.29248046875 0.0244140625 0.0341796875
4 0.55712890625 0.28271484375 0.0263671875 0.0322265625
4 0.58447265625 0.271484375 0.0302734375 0.037109375
4 0.5966796875 0.26220703125 0.02734375 0.0322265625
5 0.56494140625 0.23486328125 0.1708984375 0.1162109375
4 0.5078125 0.2265625 0.03515625 0.03125
4 0.482421875 0.2216796875 0.013671875 0.013671875
4 0.48095703125 0.224609375 0.0126953125 0.013671875
4 0.47412109375 0.1689453125 0.0537109375 0.046875
4 0.380859375 0.1298828125 0.021484375 0.017578125
4 0.3740234375 0.1005859375 0.033203125 0.0234375
4 0.49267578125 0.29345703125 0.0166015625 0.0126953125
4 0.47412109375 0.306640625 0.0224609375 0.015625
4 0.47607421875 0.24755859375 0.0126953125 0.0126953125
4 0.5771484375 0.20849609375 0.0390625 0.0302734375
4 0.55810546875 0.12939453125 0.0634765625 0.0478515625
4 0.5908203125 0.1142578125 0.01171875 0.013671875
4 0.5263671875 0.15478515625 0.01171875 0.0146484375
4 0.5302734375 0.15185546875 0.009765625 0.0126953125
4 0.56884765625 0.1455078125 0.0361328125 0.029296875
4 0.52294921875 0.2431640625 0.0810546875 0.060546875
4 0.57275390625 0.1962890625 0.0380859375 0.025390625
4 0.47314453125 0.25244140625 0.0146484375 0.0146484375
4 0.54052734375 0.2138671875 0.0263671875 0.01953125
4 0.45361328125 0.21533203125 0.0126953125 0.0146484375
4 0.46484375 0.23095703125 0.009765625 0.0146484375
4 0.458984375 0.23388671875 0.009765625 0.0146484375
4 0.46630859375 0.2607421875 0.0126953125 0.013671875
4 0.4697265625 0.2568359375 0.013671875 0.013671875
