0 0.3076171875 0.998046875 0.009765625 0.00390625
0 0.3984375 0.98681640625 0.009765625 0.0048828125
0 0.4404296875 0.9716796875 0.009765625 0.005859375
0 0.37548828125 0.99755859375 0.0107421875 0.0048828125
0 0.3349609375 0.998046875 0.0078125 0.00390625
0 0.453125 0.99951171875 0.0078125 0.0009765625
0 0.5380859375 0.96435546875 0.01171875 0.0068359375
0 0.59375 0.97265625 0.009765625 0.005859375
0 0.58349609375 0.96337890625 0.0107421875 0.0068359375
0 0.57568359375 0.951171875 0.0107421875 0.0078125
0 0.51220703125 0.98974609375 0.0107421875 0.0048828125
0 0.5322265625 0.95654296875 0.009765625 0.0068359375
0 0.509765625 0.9599609375 0.009765625 0.005859375
0 0.51123046875 0.9677734375 0.0107421875 0.005859375
0 0.9130859375 0.923828125 0.009765625 0.005859375
0 0.982421875 0.94921875 0.009765625 0.005859375
0 0.99755859375 0.94384765625 0.0048828125 0.0048828125
0 0.9638671875 0.927734375 0.009765625 0.005859375
0 0.96728515625 0.8818359375 0.0107421875 0.005859375
0 0.95458984375 0.8818359375 0.0107421875 0.00390625
0 0.91796875 0.9462890625 0.0078125 0.005859375
0 0.6259765625 0.9443359375 0.009765625 0.005859375
0 0.79296875 0.95556640625 0.009765625 0.0048828125
0 0.7734375 0.9228515625 0.0078125 0.005859375
0 0.767578125 0.96484375 0.01171875 0.005859375
0 0.763671875 0.95263671875 0.009765625 0.0048828125
0 0.732421875 0.93701171875 0.0078125 0.0048828125
0 0.685546875 0.9228515625 0.009765625 0.0078125
0 0.66455078125 0.94482421875 0.0087890625 0.0068359375
0 0.69189453125 0.935546875 0.0087890625 0.005859375
0 0.9267578125 0.955078125 0.009765625 0.005859375
0 0.68603515625 0.9619140625 0.0087890625 0.005859375
0 0.6279296875 0.97412109375 0.01171875 0.0068359375
0 0.60595703125 0.95361328125 0.0107421875 0.0048828125
0 0.6171875 0.982421875 0.01171875 0.005859375
0 0.80029296875 0.931640625 0.0087890625 0.005859375
0 0.8330078125 0.92236328125 0.009765625 0.0048828125
0 0.84521484375 0.9462890625 0.0087890625 0.005859375
0 0.8564453125 0.92822265625 0.01171875 0.0068359375
0 0.82958984375 0.84716796875 0.0068359375 0.0048828125
0 0.8115234375 0.84765625 0.0078125 0.00390625
0 0.78857421875 0.85009765625 0.0107421875 0.0068359375
0 0.8037109375 0.87841796875 0.0078125 0.0048828125
0 0.8037109375 0.88427734375 0.01171875 0.0048828125
0 0.8046875 0.89013671875 0.009765625 0.0048828125
0 0.82373046875 0.89306640625 0.0087890625 0.0048828125
0 0.8046875 0.90185546875 0.0078125 0.0048828125
0 0.7802734375 0.87890625 0.0078125 0.009765625
0 0.79296875 0.89306640625 0.005859375 0.0107421875
0 0.7666015625 0.89404296875 0.009765625 0.0087890625
0 0.8857421875 0.92529296875 0.009765625 0.0068359375
0 0.896484375 0.94140625 0.0078125 0.005859375
