1 0.1533203125 0.98291015625 0.013671875 0.0048828125
0 0.2177734375 0.9736328125 0.009765625 0.005859375
0 0.23974609375 0.96875 0.0087890625 0.005859375
0 0.2958984375 0.9775390625 0.009765625 0.005859375
0 0.25 0.974609375 0.009765625 0.005859375
1 0.27197265625 0.990234375 0.0126953125 0.005859375
0 0.2275390625 0.99609375 0.009765625 0.005859375
1 0.22509765625 0.98681640625 0.0126953125 0.0048828125
1 0.12939453125 0.96240234375 0.0107421875 0.0048828125
0 0.03515625 0.98291015625 0.0078125 0.0048828125
1 0.09423828125 0.982421875 0.0107421875 0.005859375
0 0.03369140625 0.94091796875 0.0087890625 0.0048828125
0 0.06884765625 0.9404296875 0.0087890625 0.005859375
0 0.08251953125 0.92041015625 0.0087890625 0.0048828125
0 0.0556640625 0.92626953125 0.009765625 0.0048828125
0 0.03515625 0.92236328125 0.009765625 0.0048828125
0 0.00439453125 0.9228515625 0.0087890625 0.005859375
0 0.3037109375 0.9716796875 0.009765625 0.005859375
0 0.3017578125 0.88427734375 0.009765625 0.0068359375
0 0.19384765625 0.9072265625 0.0087890625 0.005859375
1 0.2421875 0.896484375 0.013671875 0.009765625
2 0.00244140625 0.001953125 0.0029296875 0.001953125
0 0.22412109375 0.76123046875 0.0029296875 0.0068359375
1 0.17431640625 0.767578125 0.0107421875 0.005859375
1 0.17041015625 0.7412109375 0.0126953125 0.005859375
1 0.1669921875 0.734375 0.013671875 0.005859375
1 0.00146484375 0.720703125 0.0009765625 0.0078125
1 0.978515625 0.72119140625 0.0234375 0.0087890625
0 0.58251953125 0.6787109375 0.0068359375 0.009765625
0 0.869140625 0.78515625 0.0078125 0.0078125
0 0.8310546875 0.84716796875 0.00390625 0.0087890625
2 0.45556640625 0.509765625 0.0673828125 0.060546875
2 0.490234375 0.65966796875 0.080078125 0.0693359375
0 0.71240234375 0.79150390625 0.0107421875 0.0068359375
0 0.38818359375 0.97705078125 0.0107421875 0.0048828125
0 0.49755859375 0.9658203125 0.0107421875 0.005859375
0 0.451171875 0.98095703125 0.009765625 0.0048828125
0 0.41845703125 0.95556640625 0.0087890625 0.0048828125
0 0.3388671875 0.99365234375 0.009765625 0.0048828125
0 0.34619140625 0.98046875 0.0107421875 0.005859375
0 0.32177734375 0.98583984375 0.0107421875 0.0048828125
0 0.298828125 0.955078125 0.009765625 0.005859375
0 0.36767578125 0.98779296875 0.0107421875 0.0048828125
0 0.75927734375 0.98193359375 0.0068359375 0.0068359375
1 0.52685546875 0.9736328125 0.0146484375 0.005859375
1 0.51123046875 0.98974609375 0.0126953125 0.0048828125
1 0.4990234375 0.99609375 0.01171875 0.005859375
0 0.3349609375 0.951171875 0.009765625 0.005859375
0 0.521484375 0.9833984375 0.01171875 0.005859375
0 0.38232421875 0.86767578125 0.0107421875 0.0068359375
0 0.47265625 0.8564453125 0.009765625 0.005859375
0 0.7099609375 0.99609375 0.0078125 0.005859375
0 0.609375 0.99755859375 0.009765625 0.0048828125
0 0.5361328125 0.96826171875 0.009765625 0.0068359375
1 0.5224609375 0.95947265625 0.033203125 0.0068359375
0 0.36767578125 0.80029296875 0.0087890625 0.0068359375
0 0.48681640625 0.86376953125 0.0107421875 0.0068359375
