0 0.46630859375 0.01708984375 0.0400390625 0.0224609375
0 0.4609375 0.03857421875 0.04296875 0.0224609375
8 0.20849609375 0.46044921875 0.0810546875 0.1689453125
8 0.32373046875 0.462890625 0.0830078125 0.169921875
8 0.43701171875 0.4658203125 0.0810546875 0.169921875
8 0.55078125 0.46826171875 0.08203125 0.1689453125
8 0.5576171875 0.197265625 0.080078125 0.16796875
8 0.443359375 0.1943359375 0.083984375 0.16796875
8 0.330078125 0.193359375 0.08203125 0.169921875
8 0.21533203125 0.1904296875 0.0830078125 0.16796875
