1 0.69580078125 0.4638671875 0.0478515625 0.076171875
0 0.49365234375 0.35791015625 0.0283203125 0.0361328125
2 0.80126953125 0.47412109375 0.1103515625 0.1025390625
2 0.89794921875 0.5 0.1044921875 0.087890625
2 0.69189453125 0.337890625 0.0751953125 0.080078125
2 0.8916015625 0.34814453125 0.07421875 0.0908203125
2 0.9326171875 0.23876953125 0.078125 0.0927734375
0 0.470703125 0.34912109375 0.0234375 0.0380859375
0 0.72998046875 0.45263671875 0.0302734375 0.0439453125
0 0.201171875 0.94677734375 0.02734375 0.0361328125
0 0.5107421875 0.375 0.03125 0.041015625
0 0.66259765625 0.45361328125 0.0263671875 0.0380859375
0 0.5283203125 0.38037109375 0.029296875 0.0361328125
0 0.1337890625 0.93310546875 0.029296875 0.0419921875
