2 0.2119140625 0.544921875 0.083984375 0.095703125
2 0.158203125 0.62841796875 0.07421875 0.0888671875
2 0.224609375 0.60986328125 0.078125 0.0927734375
2 0.283203125 0.53369140625 0.08203125 0.0927734375
2 0.58447265625 0.48095703125 0.0927734375 0.0986328125
2 0.46533203125 0.583984375 0.0830078125 0.08984375
2 0.4814453125 0.6533203125 0.07421875 0.083984375
2 0.40869140625 0.66259765625 0.0849609375 0.0966796875
2 0.3330078125 0.44775390625 0.078125 0.0849609375
2 0.25830078125 0.46728515625 0.0869140625 0.1025390625
2 0.0595703125 0.4453125 0.08203125 0.08984375
2 0.025390625 0.5283203125 0.048828125 0.09375
2 0.3193359375 0.166015625 0.083984375 0.09765625
2 0.0478515625 0.0361328125 0.0703125 0.0703125
2 0.046875 0.37451171875 0.091796875 0.1201171875
2 0.39794921875 0.1611328125 0.0888671875 0.099609375
2 0.98046875 0.109375 0.0390625 0.080078125
2 0.9482421875 0.20068359375 0.0859375 0.0908203125
2 0.6328125 0.185546875 0.09375 0.107421875
2 0.689453125 0.0986328125 0.08203125 0.083984375
2 0.77294921875 0.09130859375 0.0966796875 0.1044921875
2 0.7451171875 0.03271484375 0.091796875 0.0634765625
2 0.8271484375 0.02978515625 0.083984375 0.0576171875
2 0.45849609375 0.07861328125 0.0830078125 0.0947265625
0 0.83447265625 0.4267578125 0.0185546875 0.03515625
0 0.91259765625 0.4228515625 0.0205078125 0.041015625
0 0.9599609375 0.427734375 0.017578125 0.033203125
0 0.9951171875 0.4248046875 0.009765625 0.029296875
0 0.9794921875 0.423828125 0.021484375 0.041015625
0 0.93798828125 0.42822265625 0.0166015625 0.0322265625
0 0.8173828125 0.6982421875 0.02734375 0.05078125
0 0.84423828125 0.70263671875 0.0185546875 0.0302734375
0 0.88720703125 0.70166015625 0.0185546875 0.0341796875
0 0.92724609375 0.69677734375 0.0419921875 0.0419921875
