2 0.1630859375 0.0751953125 0.09765625 0.06640625
0 0.01025390625 0.1298828125 0.0185546875 0.03125
0 0.07080078125 0.283203125 0.0400390625 0.0390625
0 0.00927734375 0.255859375 0.0166015625 0.025390625
0 0.0556640625 0.43603515625 0.0234375 0.0419921875
0 0.03271484375 0.43603515625 0.0166015625 0.0380859375
0 0.09033203125 0.09619140625 0.0400390625 0.0361328125
0 0.0478515625 0.53515625 0.017578125 0.0390625
0 0.0087890625 0.529296875 0.015625 0.046875
0 0.86328125 0.4609375 0.015625 0.033203125
0 0.767578125 0.5615234375 0.017578125 0.03515625
0 0.69873046875 0.55615234375 0.0185546875 0.0341796875
0 0.501953125 0.24853515625 0.017578125 0.0361328125
0 0.521484375 0.2138671875 0.015625 0.03515625
0 0.5224609375 0.171875 0.015625 0.03515625
0 0.5478515625 0.18505859375 0.017578125 0.0400390625
2 0.67822265625 0.013671875 0.0595703125 0.025390625
0 0.88671875 0.4638671875 0.015625 0.033203125
0 0.798828125 0.4599609375 0.01953125 0.033203125
0 0.77880859375 0.45654296875 0.0185546875 0.0400390625
0 0.48974609375 0.34326171875 0.0166015625 0.0341796875
0 0.37353515625 0.265625 0.0185546875 0.033203125
0 0.35107421875 0.2626953125 0.0185546875 0.03515625
0 0.0810546875 0.2158203125 0.0390625 0.041015625
0 0.1064453125 0.07861328125 0.03125 0.0361328125
0 0.01025390625 0.1767578125 0.0185546875 0.029296875
