2 0.708984375 0.7822265625 0.091796875 0.1015625
2 0.9609375 0.875 0.078125 0.091796875
2 0.97607421875 0.947265625 0.0478515625 0.09765625
2 0.91162109375 0.95263671875 0.0927734375 0.0947265625
2 0.59814453125 0.95068359375 0.0947265625 0.0986328125
2 0.625 0.7900390625 0.08984375 0.103515625
2 0.76611328125 0.6962890625 0.0986328125 0.099609375
2 0.82080078125 0.609375 0.0908203125 0.09765625
2 0.8720703125 0.52392578125 0.09765625 0.0986328125
2 0.93212890625 0.443359375 0.0908203125 0.095703125
2 0.9677734375 0.35009765625 0.064453125 0.0986328125
2 0.58642578125 0.3466796875 0.0869140625 0.09765625
2 0.615234375 0.42333984375 0.09375 0.1005859375
2 0.52880859375 0.4306640625 0.0849609375 0.09375
2 0.474609375 0.517578125 0.087890625 0.099609375
2 0.50390625 0.5927734375 0.091796875 0.09765625
2 0.42041015625 0.60107421875 0.0830078125 0.0947265625
2 0.36328125 0.68359375 0.083984375 0.091796875
2 0.3115234375 0.7744140625 0.083984375 0.095703125
2 0.396484375 0.76806640625 0.08203125 0.0849609375
2 0.34326171875 0.849609375 0.0966796875 0.099609375
2 0.2548828125 0.85546875 0.08203125 0.0859375
2 0.10546875 0.5830078125 0.099609375 0.10546875
2 0.2861328125 0.9384765625 0.08203125 0.087890625
2 0.1962890625 0.93896484375 0.080078125 0.0849609375
2 0.03515625 0.83251953125 0.068359375 0.0888671875
2 0.078125 0.748046875 0.087890625 0.1015625
2 0.18994140625 0.57861328125 0.0908203125 0.0986328125
2 0.162109375 0.5009765625 0.080078125 0.087890625
2 0.24658203125 0.494140625 0.0869140625 0.09765625
2 0.294921875 0.40576171875 0.08984375 0.0986328125
2 0.3525390625 0.3212890625 0.103515625 0.10546875
