2 0.962890625 0.62841796875 0.07421875 0.0888671875
2 0.8642578125 0.4453125 0.08203125 0.08984375
2 0.81005859375 0.52978515625 0.0888671875 0.0966796875
2 0.75927734375 0.6142578125 0.0869140625 0.099609375
2 0.68603515625 0.62744140625 0.0751953125 0.0830078125
2 0.46240234375 0.54638671875 0.0771484375 0.0849609375
2 0.52001953125 0.46630859375 0.0908203125 0.0986328125
2 0.64013671875 0.361328125 0.1259765625 0.13671875
2 0.8525390625 0.0361328125 0.0703125 0.0703125
2 0.73388671875 0.12939453125 0.0927734375 0.1044921875
2 0.5859375 0.03369140625 0.091796875 0.0654296875
2 0.4296875 0.26904296875 0.064453125 0.0712890625
2 0.3203125 0.435546875 0.095703125 0.103515625
2 0.2666015625 0.5185546875 0.095703125 0.1015625
2 0.83984375 0.37451171875 0.115234375 0.1201171875
2 0.2158203125 0.6025390625 0.08203125 0.09765625
