0 0.8115234375 0.39208984375 0.0390625 0.0263671875
0 0.45458984375 0.74951171875 0.0419921875 0.0400390625
0 0.4580078125 0.72607421875 0.037109375 0.0361328125
0 0.3935546875 0.978515625 0.01953125 0.04296875
0 0.61083984375 0.9208984375 0.0205078125 0.04296875
2 0.50830078125 0.4990234375 0.0732421875 0.1015625
2 0.88916015625 0.49462890625 0.2216796875 0.2412109375
2 0.2958984375 0.62451171875 0.064453125 0.0751953125
2 0.36669921875 0.57568359375 0.0576171875 0.0791015625
2 0.30029296875 0.52490234375 0.0634765625 0.0771484375
2 0.291015625 0.4423828125 0.091796875 0.091796875
2 0.36767578125 0.47900390625 0.0693359375 0.0927734375
2 0.6826171875 0.50830078125 0.0625 0.0849609375
2 0.6533203125 0.8916015625 0.109375 0.115234375
2 0.03662109375 0.767578125 0.0732421875 0.080078125
2 0.0703125 0.572265625 0.060546875 0.078125
2 0.07568359375 0.45947265625 0.0556640625 0.0810546875
2 0.0224609375 0.5185546875 0.04296875 0.080078125
0 0.3974609375 0.85595703125 0.015625 0.0341796875
