0 0.75146484375 0.50341796875 0.0205078125 0.0361328125
0 0.91259765625 0.5244140625 0.0400390625 0.041015625
0 0.380859375 0.36279296875 0.017578125 0.0283203125
0 0.3935546875 0.15185546875 0.01953125 0.0439453125
0 0.61083984375 0.09375 0.0205078125 0.04296875
0 0.78955078125 0.2646484375 0.0185546875 0.037109375
0 0.6455078125 0.267578125 0.037109375 0.015625
0 0.94580078125 0.52490234375 0.0439453125 0.0361328125
0 0.630859375 0.5078125 0.033203125 0.044921875
0 0.68212890625 0.50341796875 0.0322265625 0.0458984375
2 0.6533203125 0.064453125 0.109375 0.115234375
2 0.72265625 0.4716796875 0.115234375 0.1015625
2 0.64990234375 0.22509765625 0.0927734375 0.0947265625
0 0.41650390625 0.7783203125 0.0205078125 0.041015625
0 0.3974609375 0.02880859375 0.015625 0.0341796875
0 0.02734375 0.23681640625 0.041015625 0.0263671875
