2 0.1494140625 0.25634765625 0.076171875 0.0830078125
2 0.07275390625 0.31640625 0.1201171875 0.125
2 0.3916015625 0.71142578125 0.064453125 0.0595703125
2 0.46240234375 0.7080078125 0.0712890625 0.078125
2 0.53125 0.70361328125 0.060546875 0.0576171875
2 0.58837890625 0.7041015625 0.0498046875 0.0546875
2 0.64697265625 0.69970703125 0.0556640625 0.0576171875
2 0.7275390625 0.52001953125 0.060546875 0.0576171875
2 0.6513671875 0.533203125 0.08203125 0.08203125
2 0.6123046875 0.56689453125 0.0390625 0.0439453125
2 0.521484375 0.54345703125 0.0625 0.0654296875
2 0.0263671875 0.2607421875 0.05078125 0.0625
