0 0.189453125 0.736328125 0.04296875 0.025390625
8 0.57958984375 0.53125 0.0830078125 0.169921875
8 0.70458984375 0.24462890625 0.0849609375 0.1708984375
8 0.5771484375 0.2412109375 0.083984375 0.169921875
8 0.45263671875 0.23828125 0.0830078125 0.171875
8 0.326171875 0.23583984375 0.08203125 0.1708984375
8 0.0576171875 0.23193359375 0.083984375 0.1728515625
8 0.181640625 0.23486328125 0.08203125 0.1728515625
8 0.455078125 0.529296875 0.08203125 0.169921875
8 0.3291015625 0.52685546875 0.0859375 0.1708984375
0 0.18798828125 0.75537109375 0.0400390625 0.0244140625
0 0.17919921875 0.7744140625 0.0380859375 0.0234375
0 0.08935546875 0.7685546875 0.0341796875 0.025390625
0 0.08837890625 0.74609375 0.0380859375 0.0234375
0 0.09814453125 0.72998046875 0.0380859375 0.0224609375
8 0.158203125 0.5244140625 0.083984375 0.171875
