0 0.4638671875 0.18505859375 0.017578125 0.0302734375
0 0.48388671875 0.18798828125 0.0166015625 0.0322265625
0 0.5361328125 0.05029296875 0.015625 0.0302734375
0 0.49609375 0.04931640625 0.015625 0.0341796875
0 0.4013671875 0.04736328125 0.017578125 0.0341796875
0 0.3408203125 0.046875 0.01953125 0.033203125
0 0.17578125 0.00830078125 0.0390625 0.0146484375
8 0.80908203125 0.18994140625 0.0791015625 0.1669921875
8 0.93505859375 0.193359375 0.0830078125 0.16796875
8 0.67626953125 0.4716796875 0.0810546875 0.166015625
8 0.8017578125 0.474609375 0.08203125 0.16796875
8 0.9296875 0.47705078125 0.078125 0.1669921875
9 0.25732421875 0.85595703125 0.2587890625 0.2568359375
0 0.615234375 0.0595703125 0.017578125 0.03515625
0 0.50537109375 0.18603515625 0.0166015625 0.0322265625
0 0.55615234375 0.31396484375 0.0419921875 0.0146484375
0 0.44384765625 0.189453125 0.0166015625 0.03515625
0 0.3212890625 0.27294921875 0.017578125 0.0380859375
0 0.26806640625 0.02197265625 0.0361328125 0.0146484375
0 0.1748046875 0.02734375 0.037109375 0.015625
0 0.55322265625 0.35791015625 0.0361328125 0.0185546875
0 0.439453125 0.31591796875 0.033203125 0.0185546875
0 0.44140625 0.3359375 0.033203125 0.017578125
0 0.44287109375 0.376953125 0.0341796875 0.017578125
0 0.44140625 0.357421875 0.0390625 0.01953125
0 0.2998046875 0.27392578125 0.017578125 0.0361328125
0 0.27099609375 0.2431640625 0.0380859375 0.017578125
0 0.27294921875 0.22265625 0.0361328125 0.017578125
0 0.2705078125 0.20458984375 0.03515625 0.0185546875
0 0.271484375 0.18359375 0.0390625 0.01953125
0 0.38671875 0.1826171875 0.01953125 0.037109375
0 0.40625 0.1845703125 0.017578125 0.03515625
9 0.10205078125 0.94287109375 0.1435546875 0.1123046875
