0 0.4638671875 0.47802734375 0.017578125 0.0302734375
0 0.48388671875 0.48095703125 0.0166015625 0.0322265625
0 0.5361328125 0.34326171875 0.015625 0.0302734375
0 0.49609375 0.34228515625 0.015625 0.0341796875
0 0.4013671875 0.34033203125 0.017578125 0.0341796875
0 0.3408203125 0.33984375 0.01953125 0.033203125
0 0.17626953125 0.2998046875 0.0400390625 0.017578125
0 0.17431640625 0.27978515625 0.0361328125 0.0166015625
0 0.267578125 0.2568359375 0.03515625 0.01953125
0 0.27001953125 0.216796875 0.0380859375 0.01953125
8 0.380859375 0.1455078125 0.080078125 0.166015625
8 0.5068359375 0.1484375 0.083984375 0.166015625
8 0.6328125 0.15185546875 0.083984375 0.1669921875
8 0.80908203125 0.48291015625 0.0791015625 0.1669921875
8 0.93505859375 0.486328125 0.0830078125 0.16796875
8 0.67626953125 0.7646484375 0.0810546875 0.166015625
8 0.8017578125 0.767578125 0.08203125 0.16796875
8 0.9296875 0.77001953125 0.078125 0.1669921875
0 0.615234375 0.3525390625 0.017578125 0.03515625
0 0.50537109375 0.47900390625 0.0166015625 0.0322265625
0 0.55615234375 0.60693359375 0.0419921875 0.0146484375
0 0.44384765625 0.482421875 0.0166015625 0.03515625
0 0.3212890625 0.56591796875 0.017578125 0.0380859375
0 0.26806640625 0.31494140625 0.0361328125 0.0146484375
0 0.1748046875 0.3203125 0.037109375 0.015625
0 0.26953125 0.15185546875 0.037109375 0.0166015625
0 0.1787109375 0.15380859375 0.033203125 0.0146484375
0 0.55322265625 0.65087890625 0.0361328125 0.0185546875
0 0.439453125 0.60888671875 0.033203125 0.0185546875
0 0.44140625 0.62890625 0.033203125 0.017578125
0 0.44287109375 0.669921875 0.0341796875 0.017578125
0 0.44140625 0.650390625 0.0390625 0.01953125
0 0.2998046875 0.56689453125 0.017578125 0.0361328125
0 0.27099609375 0.5361328125 0.0380859375 0.017578125
0 0.27294921875 0.515625 0.0361328125 0.017578125
0 0.2705078125 0.49755859375 0.03515625 0.0185546875
0 0.271484375 0.4765625 0.0390625 0.01953125
0 0.38671875 0.4755859375 0.01953125 0.037109375
0 0.40625 0.4775390625 0.017578125 0.03515625
