2 0.67578125 0.87158203125 0.09765625 0.1044921875
2 0.89697265625 0.619140625 0.0927734375 0.095703125
2 0.82470703125 0.61572265625 0.0849609375 0.0849609375
2 0.837890625 0.6875 0.09765625 0.107421875
2 0.72119140625 0.73828125 0.0888671875 0.09375
2 0.66357421875 0.80126953125 0.0849609375 0.0927734375
2 0.611328125 0.8681640625 0.083984375 0.08984375
2 0.609375 0.94091796875 0.103515625 0.1064453125
2 0.3515625 0.8720703125 0.087890625 0.091796875
2 0.416015625 0.80078125 0.08984375 0.095703125
2 0.6748046875 0.5166015625 0.09375 0.095703125
2 0.60888671875 0.59033203125 0.0888671875 0.0927734375
