2 0.17724609375 0.8125 0.0986328125 0.095703125
2 0.07763671875 0.72802734375 0.1083984375 0.1044921875
2 0.09326171875 0.81005859375 0.0986328125 0.0966796875
2 0.19189453125 0.892578125 0.0947265625 0.095703125
2 0.27587890625 0.8974609375 0.0986328125 0.091796875
2 0.28759765625 0.96484375 0.0908203125 0.0703125
2 0.37255859375 0.96630859375 0.0966796875 0.0673828125
0 0.541015625 0.29248046875 0.041015625 0.0400390625
0 0.54638671875 0.25341796875 0.0341796875 0.0361328125
0 0.3388671875 0.630859375 0.037109375 0.037109375
2 0.623046875 0.8994140625 0.0859375 0.072265625
0 0.8916015625 0.78271484375 0.037109375 0.0400390625
