2 0.5830078125 0.44482421875 0.09375 0.0634765625
2 0.65087890625 0.39013671875 0.0771484375 0.0634765625
2 0.04638671875 0.193359375 0.0908203125 0.0625
2 0.16259765625 0.18701171875 0.0927734375 0.0654296875
2 0.2802734375 0.1943359375 0.091796875 0.068359375
2 0.2841796875 0.3916015625 0.091796875 0.05859375
2 0.3447265625 0.4375 0.095703125 0.0625
2 0.11181640625 0.4375 0.0869140625 0.07421875
2 0.0400390625 0.38427734375 0.080078125 0.0693359375
2 0.015625 0.4404296875 0.029296875 0.064453125
2 0.0458984375 0.63916015625 0.08984375 0.0654296875
2 0.16259765625 0.6357421875 0.0751953125 0.064453125
2 0.2822265625 0.63916015625 0.095703125 0.0712890625
2 0.40087890625 0.63671875 0.0927734375 0.068359375
2 0.76171875 0.63623046875 0.078125 0.0654296875
2 0.76416015625 0.37890625 0.1064453125 0.08203125
2 0.7080078125 0.43994140625 0.099609375 0.0810546875
