9 0.0576171875 0.94140625 0.052734375 0.041015625
8 0.5556640625 0.39599609375 0.09375 0.1083984375
8 0.615234375 0.3515625 0.09375 0.107421875
8 0.67724609375 0.30908203125 0.0947265625 0.1064453125
8 0.76318359375 0.43017578125 0.0947265625 0.1064453125
8 0.70166015625 0.47412109375 0.0927734375 0.1083984375
8 0.64111328125 0.51806640625 0.0927734375 0.1064453125
8 0.4296875 0.66796875 0.09375 0.107421875
8 0.369140625 0.71142578125 0.09375 0.1064453125
8 0.3076171875 0.75537109375 0.095703125 0.1083984375
8 0.34326171875 0.54541015625 0.0947265625 0.1064453125
8 0.283203125 0.58984375 0.09375 0.107421875
9 0.162109375 0.9091796875 0.048828125 0.064453125
8 0.220703125 0.63330078125 0.09375 0.1064453125
