8 0.68896484375 0.55810546875 0.0751953125 0.1083984375
8 0.5625 0.60302734375 0.076171875 0.1083984375
8 0.4951171875 0.6259765625 0.076171875 0.109375
8 0.42919921875 0.6484375 0.0751953125 0.107421875
8 0.3642578125 0.67138671875 0.076171875 0.1083984375
8 0.62451171875 0.5810546875 0.0732421875 0.107421875
9 0.8017578125 0.3994140625 0.060546875 0.07421875
8 0.70166015625 0.26904296875 0.0791015625 0.1083984375
8 0.37158203125 0.09130859375 0.0751953125 0.1083984375
8 0.30029296875 0.11474609375 0.0751953125 0.1083984375
8 0.21728515625 0.142578125 0.0751953125 0.107421875
8 0.1494140625 0.16552734375 0.07421875 0.1083984375
8 0.08251953125 0.189453125 0.0751953125 0.109375
8 0.166015625 0.337890625 0.076171875 0.107421875
8 0.22998046875 0.31640625 0.0751953125 0.109375
8 0.31298828125 0.287109375 0.0732421875 0.107421875
8 0.38427734375 0.26318359375 0.0751953125 0.1083984375
8 0.267578125 0.5048828125 0.080078125 0.109375
8 0.33544921875 0.47509765625 0.0810546875 0.1083984375
8 0.41552734375 0.439453125 0.0810546875 0.109375
8 0.47900390625 0.4111328125 0.0810546875 0.107421875
8 0.5439453125 0.38330078125 0.080078125 0.1083984375
8 0.6328125 0.29638671875 0.078125 0.1083984375
