2 0.33154296875 0.44482421875 0.0478515625 0.0439453125
2 0.44189453125 0.42138671875 0.0498046875 0.0419921875
2 0.46044921875 0.37841796875 0.0498046875 0.0439453125
2 0.40478515625 0.39111328125 0.0498046875 0.0400390625
2 0.3505859375 0.404296875 0.048828125 0.044921875
2 0.29638671875 0.4150390625 0.0517578125 0.04296875
2 0.2568359375 0.2587890625 0.052734375 0.044921875
2 0.29296875 0.28662109375 0.048828125 0.0419921875
2 0.46240234375 0.2490234375 0.0498046875 0.041015625
2 0.3701171875 0.23095703125 0.044921875 0.0380859375
2 0.4814453125 0.2041015625 0.048828125 0.04296875
2 0.4169921875 0.091796875 0.046875 0.041015625
2 0.3603515625 0.10546875 0.044921875 0.037109375
2 0.30517578125 0.12158203125 0.0439453125 0.0380859375
2 0.193359375 0.14208984375 0.05078125 0.0419921875
2 0.384765625 0.431640625 0.05078125 0.044921875
2 0.5537109375 0.392578125 0.046875 0.04296875
2 0.60986328125 0.38134765625 0.0517578125 0.0439453125
2 0.22314453125 0.77978515625 0.0478515625 0.0380859375
2 0.42041015625 0.7216796875 0.0498046875 0.044921875
2 0.57568359375 0.2216796875 0.0498046875 0.041015625
2 0.685546875 0.19677734375 0.052734375 0.0458984375
2 0.6513671875 0.1640625 0.048828125 0.0390625
2 0.6962890625 0.0283203125 0.04296875 0.041015625
2 0.64013671875 0.03857421875 0.0517578125 0.0439453125
2 0.36376953125 0.6015625 0.0537109375 0.044921875
2 0.38671875 0.56005859375 0.05078125 0.0439453125
2 0.47802734375 0.57958984375 0.0498046875 0.0419921875
2 0.4970703125 0.537109375 0.05078125 0.044921875
2 0.5361328125 0.564453125 0.044921875 0.044921875
2 0.59130859375 0.5546875 0.0458984375 0.037109375
2 0.60888671875 0.51171875 0.0517578125 0.04296875
2 0.66845703125 0.49755859375 0.0517578125 0.0458984375
2 0.685546875 0.3271484375 0.052734375 0.044921875
2 0.6328125 0.33984375 0.056640625 0.044921875
