8 0.59375 0.26318359375 0.044921875 0.0947265625
8 0.65185546875 0.26123046875 0.0458984375 0.0947265625
8 0.7109375 0.2568359375 0.046875 0.09375
8 0.59912109375 0.40380859375 0.0478515625 0.0947265625
8 0.658203125 0.4013671875 0.046875 0.09375
8 0.71630859375 0.39892578125 0.0478515625 0.0947265625
8 0.60498046875 0.54541015625 0.0478515625 0.0947265625
8 0.66357421875 0.54248046875 0.0478515625 0.0927734375
8 0.72265625 0.5400390625 0.048828125 0.09375
12 0.5986328125 0.7021484375 0.08984375 0.046875
8 0.17724609375 0.67529296875 0.0439453125 0.0927734375
8 0.0283203125 0.81591796875 0.044921875 0.0927734375
8 0.09033203125 0.81591796875 0.0439453125 0.0927734375
8 0.1513671875 0.81591796875 0.044921875 0.0927734375
9 0.234375 0.79736328125 0.083984375 0.0869140625
8 0.2978515625 0.67431640625 0.044921875 0.0927734375
8 0.23779296875 0.67529296875 0.0439453125 0.0927734375
