0 0.7255859375 0.92041015625 0.03125 0.0380859375
0 0.70654296875 0.93212890625 0.0322265625 0.0380859375
8 0.42626953125 0.6083984375 0.1005859375 0.1875
8 0.5595703125 0.59326171875 0.10546875 0.1845703125
8 0.69580078125 0.5791015625 0.1005859375 0.18359375
8 0.66259765625 0.2919921875 0.1005859375 0.185546875
8 0.52734375 0.30615234375 0.1015625 0.1845703125
8 0.392578125 0.3212890625 0.1015625 0.185546875
8 0.634765625 0.04736328125 0.091796875 0.0927734375
8 0.4990234375 0.0556640625 0.09765625 0.109375
8 0.36328125 0.0634765625 0.09765625 0.125
