1 0.85205078125 0.70166015625 0.0244140625 0.0439453125
1 0.80419921875 0.71826171875 0.0263671875 0.0419921875
2 0.123046875 0.44873046875 0.087890625 0.0634765625
2 0.17919921875 0.31689453125 0.0732421875 0.0537109375
2 0.01904296875 0.341796875 0.0361328125 0.064453125
2 0.0224609375 0.66455078125 0.04296875 0.0927734375
2 0.20751953125 0.43017578125 0.0888671875 0.0673828125
2 0.2685546875 0.30517578125 0.083984375 0.0595703125
2 0.35693359375 0.29248046875 0.0908203125 0.0693359375
2 0.2333984375 0.6669921875 0.072265625 0.091796875
1 0.71484375 0.76123046875 0.02734375 0.0439453125
1 0.76318359375 0.73828125 0.0302734375 0.05078125
1 0.630859375 0.77978515625 0.076171875 0.0458984375
1 0.60546875 0.70458984375 0.05859375 0.0322265625
1 0.59033203125 0.6162109375 0.0576171875 0.03125
1 0.57861328125 0.5498046875 0.0673828125 0.03515625
2 0.25146484375 0.9501953125 0.0693359375 0.091796875
2 0.265625 0.88134765625 0.0703125 0.0966796875
2 0.2275390625 0.8095703125 0.068359375 0.091796875
2 0.20751953125 0.71875 0.0751953125 0.09375
2 0.1845703125 0.62939453125 0.078125 0.0966796875
2 0.443359375 0.2802734375 0.0859375 0.0625
2 0.38525390625 0.8994140625 0.0986328125 0.10546875
2 0.4130859375 0.79052734375 0.080078125 0.0986328125
2 0.4365234375 0.74462890625 0.05859375 0.0732421875
2 0.39697265625 0.7021484375 0.0654296875 0.0859375
2 0.38623046875 0.607421875 0.0634765625 0.091796875
2 0.70654296875 0.26220703125 0.0947265625 0.0732421875
2 0.7265625 0.337890625 0.087890625 0.068359375
2 0.6455078125 0.359375 0.083984375 0.068359375
2 0.470703125 0.3876953125 0.08203125 0.068359375
2 0.53271484375 0.26513671875 0.0771484375 0.0634765625
