0 0.365234375 0.23095703125 0.01953125 0.0439453125
1 0.22216796875 0.5673828125 0.0849609375 0.048828125
1 0.193359375 0.8642578125 0.087890625 0.048828125
1 0.19580078125 0.802734375 0.0849609375 0.052734375
1 0.19189453125 0.828125 0.0869140625 0.05078125
1 0.20556640625 0.69677734375 0.0888671875 0.0498046875
1 0.20361328125 0.64208984375 0.0869140625 0.0556640625
1 0.20263671875 0.6162109375 0.0849609375 0.052734375
1 0.212890625 0.5927734375 0.0859375 0.0546875
1 0.4208984375 0.31103515625 0.078125 0.0595703125
0 0.31640625 0.22021484375 0.01953125 0.0439453125
1 0.416015625 0.34130859375 0.08203125 0.0556640625
1 0.41943359375 0.36865234375 0.0791015625 0.0537109375
1 0.42431640625 0.3955078125 0.0830078125 0.0546875
1 0.41748046875 0.4560546875 0.0849609375 0.056640625
1 0.4208984375 0.48681640625 0.080078125 0.0556640625
1 0.42724609375 0.54052734375 0.0869140625 0.0556640625
1 0.4150390625 0.5751953125 0.083984375 0.056640625
1 0.1015625 0.35888671875 0.06640625 0.0419921875
1 0.11279296875 0.45068359375 0.0751953125 0.0224609375
1 0.10107421875 0.685546875 0.0751953125 0.01953125
1 0.09326171875 0.7099609375 0.0751953125 0.0234375
1 0.08984375 0.84619140625 0.076171875 0.0224609375
1 0.08349609375 0.81689453125 0.0751953125 0.0205078125
1 0.41748046875 0.62890625 0.0830078125 0.056640625
1 0.4169921875 0.65966796875 0.080078125 0.0537109375
1 0.42041015625 0.68701171875 0.0830078125 0.0537109375
1 0.5439453125 0.390625 0.080078125 0.0546875
1 0.5224609375 0.3154296875 0.083984375 0.0546875
1 0.7197265625 0.81787109375 0.080078125 0.0498046875
1 0.72900390625 0.7607421875 0.0849609375 0.0546875
1 0.7392578125 0.70263671875 0.083984375 0.0498046875
1 0.744140625 0.6728515625 0.083984375 0.048828125
1 0.72802734375 0.63720703125 0.0830078125 0.0498046875
1 0.73046875 0.607421875 0.083984375 0.05078125
1 0.7314453125 0.58203125 0.0859375 0.046875
1 0.7373046875 0.55517578125 0.0859375 0.0537109375
1 0.74365234375 0.46484375 0.0830078125 0.044921875
1 0.744140625 0.439453125 0.0859375 0.044921875
1 0.75048828125 0.41064453125 0.0830078125 0.0556640625
1 0.75927734375 0.38232421875 0.0810546875 0.0478515625
1 0.7626953125 0.353515625 0.083984375 0.046875
1 0.74755859375 0.28759765625 0.0869140625 0.0498046875
1 0.54248046875 0.365234375 0.0810546875 0.0546875
1 0.53466796875 0.45361328125 0.0849609375 0.0537109375
1 0.412109375 0.748046875 0.0859375 0.052734375
1 0.5380859375 0.48193359375 0.080078125 0.0517578125
1 0.4091796875 0.77880859375 0.080078125 0.0498046875
1 0.4072265625 0.8388671875 0.083984375 0.052734375
1 0.4013671875 0.86865234375 0.080078125 0.0478515625
1 0.4501953125 0.91064453125 0.083984375 0.0224609375
1 0.5322265625 0.85888671875 0.08203125 0.0537109375
1 0.5263671875 0.8359375 0.083984375 0.05859375
1 0.52392578125 0.806640625 0.0830078125 0.052734375
1 0.52099609375 0.75146484375 0.0849609375 0.0556640625
1 0.5263671875 0.69140625 0.083984375 0.052734375
1 0.52294921875 0.6640625 0.0849609375 0.052734375
1 0.525390625 0.63330078125 0.080078125 0.0537109375
1 0.53076171875 0.603515625 0.0869140625 0.0546875
1 0.5361328125 0.56982421875 0.083984375 0.0537109375
1 0.54345703125 0.53662109375 0.0869140625 0.0556640625
1 0.54052734375 0.50927734375 0.0810546875 0.0478515625
1 0.11279296875 0.478515625 0.0712890625 0.0234375
0 0.01416015625 0.990234375 0.0166015625 0.01953125
0 0.04736328125 0.5029296875 0.0224609375 0.048828125
0 0.041015625 0.99169921875 0.015625 0.0166015625
0 0.06884765625 0.98828125 0.0185546875 0.0234375
0 0.125 0.98828125 0.01953125 0.0234375
0 0.095703125 0.99169921875 0.015625 0.0166015625
1 0.1083984375 0.5029296875 0.072265625 0.01953125
0 0.28857421875 0.296875 0.0341796875 0.048828125
0 0.39013671875 0.22216796875 0.0185546875 0.0400390625
0 0.12353515625 0.27392578125 0.0205078125 0.0458984375
1 0.7041015625 0.87060546875 0.08203125 0.0537109375
1 0.71923828125 0.85009765625 0.0810546875 0.0556640625
1 0.728515625 0.78955078125 0.08203125 0.0498046875
1 0.7353515625 0.49462890625 0.083984375 0.0498046875
1 0.43896484375 0.4169921875 0.0791015625 0.0546875
1 0.24267578125 0.44677734375 0.0810546875 0.0224609375
1 0.23388671875 0.39013671875 0.0595703125 0.0205078125
1 0.1005859375 0.6328125 0.072265625 0.01953125
1 0.10546875 0.55615234375 0.072265625 0.0205078125
1 0.107421875 0.529296875 0.0703125 0.01953125
0 0.2421875 0.54541015625 0.0390625 0.0302734375
1 0.75927734375 0.26171875 0.0888671875 0.05078125
