1 0.86572265625 0.38818359375 0.0283203125 0.0556640625
1 0.7470703125 0.37939453125 0.029296875 0.0595703125
1 0.68701171875 0.39111328125 0.0263671875 0.0556640625
1 0.91259765625 0.28759765625 0.0302734375 0.0576171875
1 0.88525390625 0.2724609375 0.0361328125 0.0625
1 0.8525390625 0.27001953125 0.033203125 0.0595703125
1 0.71240234375 0.24658203125 0.0263671875 0.0576171875
1 0.63525390625 0.23828125 0.0263671875 0.052734375
1 0.55224609375 0.2255859375 0.0302734375 0.060546875
1 0.52587890625 0.2275390625 0.0322265625 0.064453125
1 0.4970703125 0.21630859375 0.02734375 0.0576171875
1 0.46630859375 0.2138671875 0.0205078125 0.05078125
1 0.423828125 0.20068359375 0.029296875 0.0517578125
1 0.400390625 0.20068359375 0.029296875 0.0537109375
1 0.3740234375 0.2060546875 0.029296875 0.052734375
1 0.38525390625 0.1552734375 0.0283203125 0.0546875
1 0.3583984375 0.1484375 0.0234375 0.0625
1 0.3330078125 0.150390625 0.0234375 0.05859375
1 0.30419921875 0.18603515625 0.0224609375 0.0517578125
1 0.27783203125 0.181640625 0.0283203125 0.05078125
1 0.810546875 0.380859375 0.0234375 0.056640625
1 0.24560546875 0.10986328125 0.0361328125 0.0654296875
1 0.443359375 0.21044921875 0.0234375 0.0458984375
0 0.89013671875 0.39111328125 0.0263671875 0.0517578125
0 0.73193359375 0.47021484375 0.0244140625 0.0439453125
0 0.70458984375 0.4619140625 0.0263671875 0.041015625
0 0.67919921875 0.45654296875 0.0322265625 0.0517578125
0 0.646484375 0.46240234375 0.03515625 0.0478515625
0 0.462890625 0.3388671875 0.025390625 0.052734375
0 0.54833984375 0.3505859375 0.0244140625 0.048828125
0 0.630859375 0.3603515625 0.02734375 0.052734375
0 0.65869140625 0.3642578125 0.0283203125 0.05078125
0 0.76123046875 0.2587890625 0.0224609375 0.052734375
0 0.73583984375 0.26171875 0.0224609375 0.046875
0 0.5751953125 0.2373046875 0.025390625 0.048828125
1 0.84033203125 0.38134765625 0.0263671875 0.0595703125
1 0.78173828125 0.3837890625 0.0283203125 0.0546875
1 0.3369140625 0.31494140625 0.02734375 0.0458984375
1 0.60595703125 0.236328125 0.0263671875 0.05859375
1 0.244140625 0.18359375 0.025390625 0.048828125
