0 0.638671875 0.271484375 0.044921875 0.02734375
1 0.9453125 0.77783203125 0.083984375 0.0458984375
1 0.9423828125 0.744140625 0.076171875 0.046875
1 0.93115234375 0.71630859375 0.0810546875 0.0478515625
1 0.92236328125 0.689453125 0.0810546875 0.04296875
1 0.91748046875 0.65771484375 0.0712890625 0.0341796875
0 0.17578125 0.40185546875 0.02734375 0.0400390625
1 0.28369140625 0.3759765625 0.0478515625 0.083984375
0 0.18603515625 0.44287109375 0.0302734375 0.0439453125
1 0.15234375 0.42626953125 0.052734375 0.1083984375
1 0.203125 0.39892578125 0.052734375 0.0966796875
1 0.22998046875 0.39404296875 0.0478515625 0.0947265625
1 0.2568359375 0.3896484375 0.044921875 0.09765625
1 0.28173828125 0.91845703125 0.0732421875 0.0361328125
