0 0.76318359375 0.15625 0.0341796875 0.041015625
5 0.8701171875 0.0517578125 0.138671875 0.1015625
0 0.04736328125 0.23486328125 0.0322265625 0.0419921875
0 0.076171875 0.21337890625 0.0234375 0.0458984375
0 0.37744140625 0.11181640625 0.0322265625 0.0498046875
0 0.45361328125 0.1474609375 0.0498046875 0.029296875
0 0.29638671875 0.30517578125 0.0263671875 0.0556640625
0 0.08984375 0.60400390625 0.017578125 0.0419921875
0 0.09033203125 0.65234375 0.0263671875 0.05078125
0 0.05078125 0.71728515625 0.025390625 0.0380859375
0 0.552734375 0.7861328125 0.03515625 0.0546875
0 0.6064453125 0.78125 0.03515625 0.046875
