4 0.88671875 0.0595703125 0.0625 0.029296875
5 0.9248046875 0.083984375 0.150390625 0.0390625
5 0.794921875 0.42333984375 0.384765625 0.2353515625
5 0.57080078125 0.58349609375 0.3349609375 0.2841796875
5 0.24267578125 0.78515625 0.2021484375 0.4296875
5 0.505859375 0.9560546875 0.05078125 0.087890625
4 0.1767578125 0.63916015625 0.09765625 0.0498046875
4 0.20166015625 0.7109375 0.0908203125 0.052734375
4 0.20654296875 0.7431640625 0.0927734375 0.048828125
4 0.21337890625 0.77197265625 0.0927734375 0.0498046875
4 0.2314453125 0.80322265625 0.068359375 0.0380859375
4 0.236328125 0.828125 0.083984375 0.046875
4 0.24609375 0.8564453125 0.06640625 0.02734375
4 0.24560546875 0.8828125 0.0771484375 0.048828125
4 0.27587890625 0.9697265625 0.0791015625 0.04296875
4 0.48779296875 0.9580078125 0.0341796875 0.05078125
4 0.361328125 0.91162109375 0.068359375 0.0439453125
4 0.35986328125 0.87646484375 0.0986328125 0.0439453125
4 0.3310546875 0.8193359375 0.064453125 0.029296875
4 0.3212890625 0.7509765625 0.08203125 0.041015625
4 0.306640625 0.67919921875 0.08984375 0.0400390625
