5 0.87109375 0.0439453125 0.140625 0.0859375
9 0.74853515625 0.15625 0.1064453125 0.103515625
9 0.85302734375 0.279296875 0.0888671875 0.08984375
9 0.07080078125 0.4208984375 0.0966796875 0.091796875
9 0.2568359375 0.603515625 0.107421875 0.08203125
9 0.33935546875 0.70947265625 0.0908203125 0.1005859375
0 0.2333984375 0.2119140625 0.05859375 0.056640625
0 0.220703125 0.31298828125 0.037109375 0.0380859375
0 0.24169921875 0.3212890625 0.0439453125 0.044921875
0 0.5673828125 0.2998046875 0.03515625 0.05078125
0 0.6103515625 0.3408203125 0.0390625 0.0390625
0 0.556640625 0.6787109375 0.04296875 0.03125
0 0.625 0.56982421875 0.044921875 0.0478515625
0 0.62060546875 0.52978515625 0.0380859375 0.0400390625
