4 0.62548828125 0.38134765625 0.0537109375 0.0341796875
5 0.93017578125 0.03515625 0.1298828125 0.068359375
5 0.57666015625 0.26806640625 0.3056640625 0.1845703125
5 0.50634765625 0.35595703125 0.3076171875 0.1103515625
5 0.39453125 0.42041015625 0.181640625 0.0439453125
5 0.4560546875 0.60400390625 0.23046875 0.0576171875
5 0.43017578125 0.98291015625 0.2158203125 0.0341796875
5 0.43994140625 0.830078125 0.2294921875 0.142578125
4 0.47021484375 0.45849609375 0.0458984375 0.0263671875
4 0.5205078125 0.880859375 0.05078125 0.0234375
4 0.54541015625 0.5810546875 0.0556640625 0.029296875
