0 0.35205078125 0.33984375 0.0498046875 0.02734375
0 0.3720703125 0.4091796875 0.05859375 0.03125
0 0.5966796875 0.18896484375 0.044921875 0.0498046875
1 0.48779296875 0.6689453125 0.0849609375 0.041015625
1 0.458984375 0.5986328125 0.06640625 0.0390625
1 0.45263671875 0.57373046875 0.0673828125 0.0361328125
1 0.44677734375 0.5498046875 0.0654296875 0.03515625
1 0.37255859375 0.48583984375 0.0576171875 0.0283203125
1 0.38037109375 0.43505859375 0.0556640625 0.0341796875
1 0.3642578125 0.38671875 0.0625 0.033203125
1 0.365234375 0.35986328125 0.056640625 0.0341796875
1 0.35107421875 0.31396484375 0.0634765625 0.0380859375
1 0.3056640625 0.2724609375 0.056640625 0.033203125
1 0.275390625 0.15234375 0.056640625 0.033203125
