1 0.29296875 0.65966796875 0.03125 0.0732421875
1 0.525390625 0.85400390625 0.0390625 0.0830078125
1 0.2138671875 0.6416015625 0.0234375 0.05859375
1 0.24072265625 0.64208984375 0.0263671875 0.0556640625
1 0.36767578125 0.6513671875 0.0263671875 0.08203125
1 0.4375 0.69189453125 0.029296875 0.0810546875
1 0.49072265625 0.67822265625 0.0322265625 0.0830078125
1 0.19677734375 0.55224609375 0.0244140625 0.0595703125
1 0.095703125 0.728515625 0.0234375 0.080078125
1 0.12109375 0.748046875 0.02734375 0.0859375
1 0.14453125 0.75537109375 0.03125 0.0771484375
1 0.17431640625 0.7666015625 0.0322265625 0.080078125
1 0.197265625 0.7744140625 0.029296875 0.078125
1 0.40625 0.8251953125 0.03515625 0.080078125
1 0.43115234375 0.8310546875 0.0341796875 0.08203125
1 0.14892578125 0.59521484375 0.0517578125 0.0302734375
1 0.22021484375 0.7841796875 0.0361328125 0.06640625
1 0.44873046875 0.6025390625 0.0302734375 0.07421875
1 0.47509765625 0.60693359375 0.0263671875 0.0615234375
1 0.52392578125 0.615234375 0.0283203125 0.08203125
1 0.5068359375 0.76220703125 0.087890625 0.0341796875
1 0.54931640625 0.609375 0.0302734375 0.072265625
1 0.3994140625 0.58837890625 0.03125 0.0771484375
1 0.24853515625 0.568359375 0.0263671875 0.056640625
1 0.421875 0.599609375 0.03125 0.083984375
1 0.50537109375 0.3876953125 0.0361328125 0.0546875
1 0.5419921875 0.48486328125 0.03125 0.0498046875
1 0.52197265625 0.47119140625 0.0302734375 0.0458984375
1 0.318359375 0.66552734375 0.025390625 0.0615234375
1 0.1884765625 0.6318359375 0.03125 0.083984375
1 0.5 0.4677734375 0.03125 0.048828125
1 0.47998046875 0.45849609375 0.0419921875 0.0830078125
1 0.4140625 0.44287109375 0.0390625 0.0791015625
1 0.12255859375 0.19287109375 0.0908203125 0.0556640625
1 0.044921875 0.234375 0.08203125 0.03125
1 0.041015625 0.25830078125 0.07421875 0.0283203125
1 0.03857421875 0.2861328125 0.0732421875 0.02734375
1 0.1845703125 0.3515625 0.08984375 0.03125
1 0.18359375 0.3251953125 0.083984375 0.029296875
1 0.17236328125 0.38134765625 0.0830078125 0.0361328125
1 0.43359375 0.216796875 0.048828125 0.09375
1 0.4794921875 0.23046875 0.041015625 0.0859375
1 0.56689453125 0.26318359375 0.0517578125 0.0869140625
1 0.6279296875 0.29345703125 0.048828125 0.0888671875
1 0.6796875 0.32275390625 0.044921875 0.0849609375
1 0.7294921875 0.3505859375 0.048828125 0.0859375
1 0.7783203125 0.36767578125 0.04296875 0.0791015625
1 0.7646484375 0.45703125 0.08203125 0.052734375
1 0.64599609375 0.46875 0.0478515625 0.083984375
1 0.3310546875 0.35693359375 0.0390625 0.0693359375
1 0.36279296875 0.357421875 0.0322265625 0.052734375
1 0.4345703125 0.37744140625 0.03125 0.0517578125
1 0.54248046875 0.41650390625 0.0341796875 0.0517578125
1 0.56298828125 0.42724609375 0.0341796875 0.0537109375
1 0.42041015625 0.50830078125 0.0849609375 0.0302734375
1 0.56689453125 0.546875 0.0634765625 0.048828125
1 0.021484375 0.1552734375 0.041015625 0.037109375
1 0.59716796875 0.814453125 0.0810546875 0.041015625
1 0.5009765625 0.841796875 0.02734375 0.083984375
0 0.45068359375 0.3876953125 0.0322265625 0.046875
0 0.2333984375 0.4111328125 0.044921875 0.0234375
0 0.23681640625 0.431640625 0.0478515625 0.0234375
0 0.15625 0.54931640625 0.048828125 0.0205078125
0 0.15478515625 0.5283203125 0.0400390625 0.01953125
0 0.1044921875 0.5498046875 0.037109375 0.015625
0 0.109375 0.505859375 0.033203125 0.017578125
0 0.10888671875 0.5234375 0.0341796875 0.017578125
0 0.34130859375 0.49462890625 0.0478515625 0.0224609375
0 0.26806640625 0.7958984375 0.0361328125 0.0625
0 0.29150390625 0.80078125 0.0302734375 0.0546875
0 0.40966796875 0.7646484375 0.0498046875 0.03125
0 0.3857421875 0.67822265625 0.02734375 0.0615234375
0 0.1455078125 0.61669921875 0.041015625 0.0166015625
0 0.7470703125 0.50146484375 0.041015625 0.0400390625
0 0.64794921875 0.6748046875 0.0537109375 0.03515625
0 0.77099609375 0.42431640625 0.0458984375 0.0322265625
0 0.75634765625 0.33642578125 0.0341796875 0.0458984375
0 0.740234375 0.38134765625 0.03515625 0.0498046875
1 0.69091796875 0.58203125 0.0869140625 0.0390625
1 0.49951171875 0.599609375 0.0283203125 0.056640625
1 0.41162109375 0.68212890625 0.0322265625 0.0732421875
1 0.5615234375 0.68505859375 0.0390625 0.0830078125
1 0.70068359375 0.33935546875 0.0439453125 0.0751953125
0 0.43310546875 0.44775390625 0.0322265625 0.0458984375
0 0.4033203125 0.37890625 0.033203125 0.052734375
1 0.455078125 0.8349609375 0.03125 0.060546875
0 0.38330078125 0.36328125 0.0361328125 0.05859375
1 0.31298828125 0.81298828125 0.0302734375 0.0576171875
1 0.33740234375 0.8134765625 0.0263671875 0.056640625
1 0.5361328125 0.6923828125 0.03125 0.078125
1 0.298828125 0.5732421875 0.0234375 0.072265625
1 0.50439453125 0.5205078125 0.0556640625 0.033203125
1 0.5654296875 0.48876953125 0.03125 0.0517578125
1 0.54931640625 0.3544921875 0.0830078125 0.04296875
1 0.45703125 0.45654296875 0.033203125 0.0595703125
1 0.38916015625 0.20703125 0.0439453125 0.087890625
1 0.0419921875 0.31396484375 0.068359375 0.0224609375
1 0.166015625 0.40673828125 0.083984375 0.0361328125
1 0.31396484375 0.443359375 0.0283203125 0.048828125
1 0.33935546875 0.4345703125 0.0361328125 0.078125
1 0.3876953125 0.44921875 0.02734375 0.05078125
1 0.27197265625 0.57421875 0.0224609375 0.080078125
1 0.32861328125 0.5771484375 0.0283203125 0.08203125
1 0.34521484375 0.65625 0.0283203125 0.0859375
1 0.24462890625 0.7890625 0.0380859375 0.08203125
1 0.1708984375 0.82666015625 0.06640625 0.0341796875
0 0.01416015625 0.20703125 0.0263671875 0.021484375
0 0.2509765625 0.3291015625 0.0390625 0.01953125
0 0.23876953125 0.392578125 0.0419921875 0.021484375
0 0.25244140625 0.35107421875 0.0498046875 0.0244140625
