0 0.7763671875 0.5859375 0.0390625 0.04296875
0 0.71533203125 0.57958984375 0.0361328125 0.0400390625
8 0.22998046875 0.46875 0.0986328125 0.19140625
8 0.38818359375 0.3818359375 0.0966796875 0.189453125
8 0.50146484375 0.373046875 0.1005859375 0.19140625
8 0.61572265625 0.3671875 0.0986328125 0.19140625
8 0.728515625 0.36083984375 0.09765625 0.1923828125
0 0.59619140625 0.564453125 0.0400390625 0.044921875
0 0.56787109375 0.76904296875 0.0400390625 0.0380859375
0 0.638671875 0.7763671875 0.04296875 0.04296875
0 0.69970703125 0.78369140625 0.0419921875 0.0419921875
0 0.72998046875 0.791015625 0.0400390625 0.041015625
0 0.64111328125 0.6982421875 0.0361328125 0.04296875
0 0.7177734375 0.658203125 0.046875 0.044921875
0 0.7646484375 0.6796875 0.041015625 0.037109375
0 0.77001953125 0.7197265625 0.0380859375 0.046875
0 0.7373046875 0.71240234375 0.03515625 0.0419921875
0 0.708984375 0.7099609375 0.037109375 0.044921875
0 0.796875 0.72119140625 0.037109375 0.0419921875
0 0.82275390625 0.7197265625 0.0341796875 0.04296875
0 0.65673828125 0.82421875 0.0380859375 0.041015625
0 0.74609375 0.83447265625 0.037109375 0.0419921875
0 0.75732421875 0.7939453125 0.0361328125 0.03125
0 0.78515625 0.79833984375 0.04296875 0.0439453125
0 0.81396484375 0.806640625 0.0400390625 0.041015625
0 0.81884765625 0.84912109375 0.0380859375 0.0361328125
0 0.68017578125 0.57080078125 0.0400390625 0.0419921875
8 0.1171875 0.4755859375 0.09765625 0.19140625
