4 0.51171875 0.07177734375 0.0234375 0.0185546875
4 0.10498046875 0.3798828125 0.0126953125 0.0234375
4 0.0283203125 0.4482421875 0.03515625 0.015625
0 0.0927734375 0.3828125 0.01171875 0.0234375
0 0.091796875 0.43115234375 0.033203125 0.0166015625
0 0.1728515625 0.1669921875 0.015625 0.021484375
5 0.154296875 0.88671875 0.203125 0.123046875
5 0.2919921875 0.6142578125 0.173828125 0.138671875
9 0.0810546875 0.5947265625 0.03125 0.056640625
5 0.40087890625 0.4169921875 0.1181640625 0.076171875
9 0.2333984375 0.349609375 0.025390625 0.04296875
5 0.482421875 0.203125 0.125 0.04296875
5 0.49609375 0.095703125 0.125 0.0546875
