4 0.20556640625 0.15380859375 0.0341796875 0.0205078125
5 0.9501953125 0.404296875 0.05078125 0.109375
5 0.40478515625 0.3125 0.0478515625 0.0703125
5 0.4091796875 0.41064453125 0.15234375 0.0888671875
5 0.365234375 0.50439453125 0.103515625 0.0849609375
5 0.24462890625 0.68505859375 0.0576171875 0.0576171875
5 0.21533203125 0.77490234375 0.0810546875 0.0634765625
5 0.15625 0.953125 0.04296875 0.056640625
0 0.2392578125 0.26318359375 0.01953125 0.0166015625
4 0.3876953125 0.5244140625 0.033203125 0.021484375
0 0.1748046875 0.267578125 0.017578125 0.0234375
0 0.1015625 0.21630859375 0.013671875 0.0224609375
0 0.150390625 0.26318359375 0.017578125 0.0224609375
0 0.85498046875 0.53466796875 0.0244140625 0.0205078125
4 0.28369140625 0.90185546875 0.0263671875 0.0224609375
4 0.166015625 0.96240234375 0.02734375 0.0146484375
5 0.4609375 0.22412109375 0.1328125 0.0458984375
