4 0.81494140625 0.40869140625 0.0458984375 0.0556640625
0 0.9658203125 0.6611328125 0.029296875 0.03515625
0 0.94580078125 0.6728515625 0.0322265625 0.041015625
0 0.88623046875 0.7724609375 0.0322265625 0.04296875
0 0.861328125 0.76171875 0.03125 0.0390625
0 0.8310546875 0.75927734375 0.033203125 0.0400390625
0 0.4951171875 0.97802734375 0.0390625 0.0419921875
5 0.8291015625 0.43310546875 0.1328125 0.1357421875
5 0.595703125 0.10302734375 0.099609375 0.1259765625
5 0.74951171875 0.0576171875 0.1455078125 0.11328125
5 0.59033203125 0.6025390625 0.0869140625 0.125
5 0.45361328125 0.6826171875 0.0927734375 0.10546875
5 0.21533203125 0.7841796875 0.0791015625 0.103515625
