1 0.310546875 0.9736328125 0.060546875 0.021484375
1 0.30126953125 0.88232421875 0.0595703125 0.0205078125
1 0.73193359375 0.96826171875 0.0947265625 0.0224609375
1 0.09619140625 0.8271484375 0.0732421875 0.02734375
1 0.103515625 0.58251953125 0.076171875 0.0244140625
1 0.31494140625 0.65283203125 0.0849609375 0.0263671875
1 0.33935546875 0.2705078125 0.0283203125 0.064453125
1 0.896484375 0.4365234375 0.09375 0.04296875
1 0.09716796875 0.720703125 0.0654296875 0.021484375
1 0.09716796875 0.75 0.0712890625 0.02734375
1 0.37109375 0.3974609375 0.095703125 0.029296875
1 0.35595703125 0.48193359375 0.0654296875 0.0263671875
1 0.6376953125 0.44482421875 0.099609375 0.0283203125
1 0.71728515625 0.48046875 0.0888671875 0.021484375
1 0.66162109375 0.51513671875 0.0791015625 0.0224609375
1 0.57373046875 0.51171875 0.0927734375 0.021484375
1 0.6220703125 0.47998046875 0.09765625 0.0224609375
1 0.77734375 0.65673828125 0.09375 0.0205078125
1 0.1005859375 0.66650390625 0.07421875 0.0224609375
1 0.484375 0.4501953125 0.064453125 0.0234375
1 0.388671875 0.45166015625 0.09375 0.0263671875
1 0.6796875 0.41259765625 0.08203125 0.0361328125
1 0.95947265625 0.87744140625 0.0458984375 0.0849609375
1 0.8828125 0.380859375 0.087890625 0.04296875
1 0.89501953125 0.40966796875 0.0927734375 0.0400390625
1 0.91162109375 0.5751953125 0.0634765625 0.03515625
1 0.962890625 0.646484375 0.07421875 0.037109375
1 0.97412109375 0.7265625 0.0517578125 0.029296875
1 0.97119140625 0.78515625 0.0576171875 0.033203125
1 0.98583984375 0.83740234375 0.0283203125 0.0224609375
1 0.99365234375 0.92236328125 0.0126953125 0.0205078125
1 0.58984375 0.4189453125 0.087890625 0.0234375
1 0.77880859375 0.8349609375 0.0947265625 0.01953125
1 0.78662109375 0.74853515625 0.0732421875 0.0302734375
1 0.7919921875 0.69091796875 0.103515625 0.0380859375
1 0.56640625 0.3896484375 0.138671875 0.029296875
1 0.3837890625 0.42578125 0.091796875 0.025390625
1 0.494140625 0.419921875 0.09375 0.02734375
1 0.3154296875 0.8330078125 0.06640625 0.01953125
1 0.7841796875 0.720703125 0.09375 0.041015625
1 0.154296875 0.8486328125 0.052734375 0.1328125
1 0.7744140625 0.7763671875 0.06640625 0.025390625
0 0.7509765625 0.88916015625 0.048828125 0.0224609375
0 0.95654296875 0.7626953125 0.0615234375 0.03125
0 0.970703125 0.6708984375 0.05859375 0.03125
0 0.92822265625 0.59814453125 0.0595703125 0.0302734375
0 0.716796875 0.44384765625 0.0546875 0.0244140625
0 0.7685546875 0.18505859375 0.01953125 0.0361328125
0 0.740234375 0.18505859375 0.01953125 0.0380859375
1 0.82666015625 0.97607421875 0.0927734375 0.0244140625
1 0.8740234375 0.5283203125 0.09765625 0.048828125
1 0.744140625 0.52197265625 0.09765625 0.0283203125
1 0.61474609375 0.126953125 0.0302734375 0.060546875
1 0.4443359375 0.47802734375 0.099609375 0.0244140625
1 0.490234375 0.5048828125 0.0703125 0.0234375
1 0.41455078125 0.5078125 0.0654296875 0.021484375
1 0.453125 0.39453125 0.0703125 0.025390625
1 0.5947265625 0.94921875 0.0625 0.025390625
0 0.75537109375 0.861328125 0.0458984375 0.021484375
0 0.73779296875 0.94287109375 0.0615234375 0.0205078125
0 0.81201171875 0.94580078125 0.0615234375 0.0224609375
0 0.05419921875 0.00341796875 0.0205078125 0.0048828125
1 0.7392578125 0.806640625 0.052734375 0.0234375
1 0.9775390625 0.8115234375 0.044921875 0.03125
0 0.1083984375 0.0048828125 0.01953125 0.0078125
0 0.07568359375 0.00244140625 0.0185546875 0.0029296875
0 0.83447265625 0.8623046875 0.0556640625 0.025390625
0 0.31689453125 0.9091796875 0.0458984375 0.0234375
0 0.31298828125 0.95361328125 0.0498046875 0.0224609375
0 0.3076171875 0.931640625 0.048828125 0.017578125
0 0.81494140625 0.89013671875 0.0517578125 0.0205078125
0 0.744140625 0.91748046875 0.05859375 0.0244140625
0 0.8125 0.91845703125 0.048828125 0.0224609375
1 0.861328125 0.32958984375 0.091796875 0.0458984375
