9 0.4716796875 0.07763671875 0.052734375 0.0478515625
9 0.416015625 0.13427734375 0.05859375 0.0556640625
9 0.3974609375 0.21142578125 0.060546875 0.0556640625
9 0.3564453125 0.2744140625 0.05078125 0.046875
9 0.28125 0.4169921875 0.04296875 0.0390625
9 0.2314453125 0.564453125 0.05078125 0.046875
9 0.47509765625 0.98974609375 0.0595703125 0.0185546875
9 0.6396484375 0.8193359375 0.05078125 0.05078125
9 0.904296875 0.3447265625 0.109375 0.08984375
9 0.99853515625 0.076171875 0.0029296875 0.056640625
0 0.06591796875 0.037109375 0.0419921875 0.03125
0 0.2744140625 0.18017578125 0.044921875 0.0341796875
0 0.22802734375 0.18212890625 0.0458984375 0.0400390625
0 0.0224609375 0.14501953125 0.041015625 0.0361328125
0 0.0439453125 0.34765625 0.03125 0.041015625
0 0.1845703125 0.3056640625 0.0390625 0.03125
0 0.068359375 0.40087890625 0.048828125 0.0361328125
0 0.04931640625 0.4404296875 0.0419921875 0.033203125
0 0.09130859375 0.46044921875 0.0458984375 0.0341796875
0 0.73095703125 0.90576171875 0.0380859375 0.0302734375
0 0.837890625 0.79541015625 0.04296875 0.0341796875
0 0.94287109375 0.4775390625 0.0400390625 0.033203125
