0 0.3369140625 0.650390625 0.0546875 0.033203125
1 0.29541015625 0.7275390625 0.0986328125 0.037109375
1 0.61279296875 0.4443359375 0.0615234375 0.083984375
1 0.57373046875 0.40087890625 0.0615234375 0.1103515625
1 0.44921875 0.43603515625 0.078125 0.0693359375
1 0.4365234375 0.5234375 0.07421875 0.06640625
1 0.4541015625 0.5732421875 0.0703125 0.07421875
1 0.61181640625 0.62060546875 0.0830078125 0.0888671875
1 0.623046875 0.69482421875 0.07421875 0.0712890625
1 0.45556640625 0.7333984375 0.0537109375 0.0390625
1 0.64306640625 0.94384765625 0.0224609375 0.0634765625
1 0.42626953125 0.34619140625 0.0634765625 0.0712890625
1 0.583984375 0.892578125 0.033203125 0.1015625
1 0.478515625 0.87890625 0.076171875 0.037109375
1 0.4736328125 0.9111328125 0.08203125 0.03515625
1 0.49169921875 0.42236328125 0.0595703125 0.0732421875
1 0.4814453125 0.3359375 0.03125 0.076171875
1 0.29736328125 0.892578125 0.0458984375 0.0859375
1 0.43115234375 0.388671875 0.0732421875 0.06640625
1 0.423828125 0.482421875 0.072265625 0.0703125
1 0.46484375 0.63818359375 0.07421875 0.0810546875
1 0.609375 0.54443359375 0.06640625 0.0830078125
1 0.60400390625 0.58935546875 0.0634765625 0.0693359375
1 0.626953125 0.64892578125 0.068359375 0.0751953125
1 0.62548828125 0.80517578125 0.0849609375 0.0439453125
1 0.6201171875 0.9091796875 0.01953125 0.080078125
1 0.52294921875 0.3603515625 0.0263671875 0.0625
1 0.1025390625 0.6796875 0.041015625 0.083984375
1 0.283203125 0.69384765625 0.103515625 0.0478515625
1 0.2919921875 0.78955078125 0.107421875 0.0400390625
1 0.5126953125 0.2890625 0.02734375 0.060546875
1 0.48681640625 0.96533203125 0.0830078125 0.0341796875
1 0.0712890625 0.90869140625 0.052734375 0.1025390625
0 0.15673828125 0.8642578125 0.0361328125 0.017578125
0 0.65576171875 0.88330078125 0.0302734375 0.0478515625
1 0.70703125 0.95458984375 0.029296875 0.0732421875
0 0.5927734375 0.98779296875 0.029296875 0.0244140625
0 0.16357421875 0.84228515625 0.0498046875 0.0244140625
1 0.42529296875 0.44873046875 0.0791015625 0.0791015625
0 0.2021484375 0.869140625 0.02734375 0.0390625
0 0.22802734375 0.888671875 0.0263671875 0.041015625
0 0.21044921875 0.90771484375 0.0205078125 0.0380859375
0 0.1943359375 0.9150390625 0.017578125 0.037109375
0 0.11767578125 0.86181640625 0.0283203125 0.0419921875
0 0.18505859375 0.875 0.0283203125 0.04296875
0 0.5400390625 0.87158203125 0.02734375 0.0380859375
1 0.6650390625 0.40380859375 0.052734375 0.0537109375
1 0.25244140625 0.89990234375 0.0341796875 0.0927734375
1 0.02685546875 0.712890625 0.0458984375 0.091796875
1 0.63623046875 0.8349609375 0.0849609375 0.04296875
1 0.68408203125 0.9208984375 0.0322265625 0.087890625
0 0.0869140625 0.71142578125 0.02734375 0.0400390625
0 0.04443359375 0.62744140625 0.0244140625 0.0419921875
0 0.048828125 0.66650390625 0.01953125 0.0361328125
4 0.05419921875 0.71875 0.0419921875 0.068359375
0 0.6552734375 0.3515625 0.03515625 0.0390625
1 0.57177734375 0.70849609375 0.0341796875 0.0595703125
1 0.4619140625 0.69775390625 0.10546875 0.0888671875
0 0.4873046875 0.25634765625 0.021484375 0.0341796875
0 0.455078125 0.27783203125 0.025390625 0.0439453125
0 0.47021484375 0.2587890625 0.0224609375 0.033203125
0 0.57861328125 0.3154296875 0.0380859375 0.04296875
0 0.6923828125 0.3681640625 0.029296875 0.03515625
1 0.54150390625 0.30615234375 0.0302734375 0.0888671875
