0 0.07373046875 0.798828125 0.0341796875 0.03125
0 0.15576171875 0.71142578125 0.0322265625 0.0400390625
0 0.16650390625 0.65478515625 0.0302734375 0.0380859375
0 0.19140625 0.06591796875 0.03125 0.0361328125
0 0.17578125 0.08154296875 0.03125 0.0341796875
0 0.15478515625 0.09228515625 0.0302734375 0.0341796875
0 0.12060546875 0.1064453125 0.0322265625 0.0390625
0 0.10302734375 0.1201171875 0.0263671875 0.033203125
8 0.5283203125 0.62939453125 0.193359375 0.1611328125
8 0.47314453125 0.5390625 0.1923828125 0.16015625
8 0.41943359375 0.44677734375 0.1923828125 0.1630859375
8 0.365234375 0.35546875 0.193359375 0.16015625
8 0.30908203125 0.26318359375 0.1943359375 0.1591796875
8 0.255859375 0.1708984375 0.19140625 0.158203125
