0 0.10986328125 0.251953125 0.0361328125 0.02734375
0 0.10302734375 0.09326171875 0.0341796875 0.0146484375
0 0.1025390625 0.15380859375 0.033203125 0.0478515625
0 0.25634765625 0.19287109375 0.0361328125 0.0439453125
0 0.36962890625 0.1142578125 0.0361328125 0.025390625
0 0.30224609375 0.1337890625 0.0361328125 0.025390625
0 0.11669921875 0.06103515625 0.0439453125 0.0244140625
1 0.18310546875 0.5107421875 0.0517578125 0.041015625
1 0.09814453125 0.44921875 0.0380859375 0.052734375
1 0.20361328125 0.4912109375 0.0693359375 0.05078125
1 0.21337890625 0.4677734375 0.0693359375 0.056640625
1 0.22802734375 0.43603515625 0.0712890625 0.0517578125
1 0.2421875 0.41552734375 0.07421875 0.0458984375
1 0.26513671875 0.39794921875 0.0732421875 0.0439453125
1 0.28173828125 0.3759765625 0.0869140625 0.052734375
1 0.2919921875 0.35302734375 0.0859375 0.0517578125
1 0.30419921875 0.33203125 0.0947265625 0.056640625
0 0.0947265625 0.11181640625 0.04296875 0.0166015625
0 0.16845703125 0.1650390625 0.0283203125 0.03515625
4 0.0791015625 0.2216796875 0.037109375 0.025390625
0 0.08642578125 0.18994140625 0.0224609375 0.0361328125
1 0.302734375 0.244140625 0.076171875 0.052734375
0 0.2861328125 0.4609375 0.048828125 0.041015625
0 0.27734375 0.48583984375 0.046875 0.0400390625
0 0.26953125 0.533203125 0.04296875 0.037109375
0 0.1015625 0.6513671875 0.046875 0.03125
0 0.0830078125 0.61328125 0.037109375 0.048828125
0 0.1328125 0.61083984375 0.046875 0.0322265625
0 0.0419921875 0.490234375 0.04296875 0.029296875
0 0.04638671875 0.4189453125 0.0302734375 0.041015625
0 0.0634765625 0.4287109375 0.02734375 0.037109375
0 0.162109375 0.20263671875 0.021484375 0.0361328125
0 0.130859375 0.20654296875 0.037109375 0.0244140625
0 0.12548828125 0.2255859375 0.0419921875 0.025390625
0 0.0556640625 0.28857421875 0.0390625 0.0244140625
0 0.06689453125 0.26611328125 0.0400390625 0.0263671875
1 0.31396484375 0.30908203125 0.0947265625 0.0595703125
