0 0.330078125 0.8193359375 0.029296875 0.0390625
0 0.2353515625 0.779296875 0.029296875 0.041015625
2 0.18017578125 0.40966796875 0.0869140625 0.1005859375
2 0.47705078125 0.57177734375 0.0732421875 0.0849609375
2 0.97607421875 0.44873046875 0.0478515625 0.0966796875
2 0.951171875 0.54541015625 0.087890625 0.1044921875
2 0.91552734375 0.470703125 0.0830078125 0.095703125
2 0.79541015625 0.75390625 0.0810546875 0.099609375
2 0.86669921875 0.7294921875 0.0791015625 0.09765625
2 0.83544921875 0.66259765625 0.0830078125 0.0986328125
2 0.876953125 0.56982421875 0.087890625 0.1044921875
0 0.10498046875 0.51513671875 0.0458984375 0.0341796875
0 0.1484375 0.7470703125 0.03125 0.041015625
0 0.173828125 0.7548828125 0.03125 0.041015625
0 0.19482421875 0.763671875 0.0302734375 0.041015625
0 0.21484375 0.7734375 0.029296875 0.041015625
0 0.59326171875 0.96875 0.0439453125 0.03125
0 0.54248046875 0.52685546875 0.0341796875 0.0283203125
1 0.49169921875 0.240234375 0.0634765625 0.041015625
2 0.1005859375 0.2529296875 0.095703125 0.091796875
