4 0.80224609375 0.388671875 0.0361328125 0.046875
4 0.29638671875 0.0634765625 0.1142578125 0.125
4 0.35107421875 0.11474609375 0.0419921875 0.0517578125
4 0.38671875 0.09619140625 0.0546875 0.0830078125
4 0.45361328125 0.1123046875 0.1103515625 0.1484375
4 0.54296875 0.18994140625 0.083984375 0.1142578125
4 0.59619140625 0.18701171875 0.0439453125 0.0537109375
4 0.64599609375 0.2509765625 0.0380859375 0.052734375
4 0.66796875 0.28076171875 0.03515625 0.0439453125
4 0.71484375 0.26318359375 0.03125 0.0419921875
4 0.83447265625 0.365234375 0.0341796875 0.044921875
4 0.87841796875 0.375 0.0888671875 0.1171875
4 0.9755859375 0.447265625 0.048828125 0.107421875
5 0.37158203125 0.12939453125 0.1455078125 0.1767578125
5 0.4365234375 0.16552734375 0.142578125 0.1767578125
5 0.5302734375 0.22412109375 0.13671875 0.1845703125
5 0.60595703125 0.2705078125 0.1201171875 0.173828125
5 0.66650390625 0.3017578125 0.1337890625 0.177734375
5 0.7568359375 0.365234375 0.166015625 0.201171875
5 0.837890625 0.41015625 0.111328125 0.162109375
5 0.892578125 0.44384765625 0.1171875 0.1630859375
5 0.9453125 0.486328125 0.109375 0.1875
0 0.0908203125 0.68408203125 0.03515625 0.0478515625
0 0.68017578125 0.66943359375 0.0498046875 0.0400390625
0 0.84619140625 0.95068359375 0.0419921875 0.0302734375
0 0.0693359375 0.4775390625 0.025390625 0.03515625
0 0.15185546875 0.7275390625 0.0302734375 0.0390625
0 0.2001953125 0.83251953125 0.02734375 0.0361328125
0 0.23828125 0.9130859375 0.029296875 0.0390625
0 0.25537109375 0.9541015625 0.0263671875 0.03515625
0 0.75634765625 0.951171875 0.0400390625 0.033203125
0 0.67724609375 0.98583984375 0.0537109375 0.0283203125
0 0.646484375 0.7001953125 0.0390625 0.03125
0 0.5576171875 0.6484375 0.044921875 0.0390625
0 0.892578125 0.80908203125 0.037109375 0.0322265625
0 0.84033203125 0.77734375 0.0380859375 0.03515625
0 0.71142578125 0.81396484375 0.0322265625 0.0380859375
0 0.72412109375 0.8916015625 0.0380859375 0.03125
0 0.05615234375 0.35595703125 0.0224609375 0.0361328125
0 0.14013671875 0.35595703125 0.0439453125 0.0341796875
0 0.1005859375 0.439453125 0.04296875 0.04296875
0 0.06201171875 0.51708984375 0.0166015625 0.0361328125
0 0.32568359375 0.462890625 0.0361328125 0.03125
0 0.42138671875 0.51953125 0.0361328125 0.03125
0 0.38134765625 0.54248046875 0.0419921875 0.0361328125
0 0.10498046875 0.72314453125 0.0283203125 0.0400390625
0 0.52490234375 0.986328125 0.0380859375 0.02734375
0 0.56298828125 0.97021484375 0.0380859375 0.0283203125
0 0.619140625 0.94384765625 0.046875 0.0361328125
5 0.28515625 0.087890625 0.181640625 0.171875
