0 0.19970703125 0.9228515625 0.0439453125 0.037109375
5 0.38134765625 0.62109375 0.1337890625 0.17578125
4 0.1328125 0.40283203125 0.04296875 0.0517578125
4 0.1611328125 0.4189453125 0.095703125 0.119140625
4 0.0966796875 0.3818359375 0.076171875 0.099609375
4 0.0126953125 0.3232421875 0.0234375 0.04296875
4 0.0283203125 0.35986328125 0.0546875 0.0810546875
5 0.435546875 0.65673828125 0.119140625 0.1650390625
5 0.30419921875 0.57470703125 0.1103515625 0.1748046875
5 0.2548828125 0.54638671875 0.142578125 0.1845703125
5 0.19287109375 0.5087890625 0.1337890625 0.177734375
5 0.130859375 0.4716796875 0.138671875 0.185546875
5 0.06591796875 0.43017578125 0.1298828125 0.1787109375
5 0.03564453125 0.37744140625 0.0693359375 0.1513671875
4 0.205078125 0.484375 0.04296875 0.056640625
4 0.2890625 0.4951171875 0.037109375 0.044921875
4 0.3505859375 0.53564453125 0.056640625 0.0751953125
4 0.4697265625 0.64013671875 0.083984375 0.1103515625
0 0.10400390625 0.89404296875 0.0439453125 0.0341796875
4 0.61865234375 0.7236328125 0.0419921875 0.052734375
4 0.6787109375 0.81298828125 0.037109375 0.0498046875
4 0.708984375 0.76123046875 0.041015625 0.0498046875
4 0.75634765625 0.76171875 0.1201171875 0.1484375
4 0.83740234375 0.8251953125 0.0439453125 0.052734375
5 0.92333984375 0.9248046875 0.1103515625 0.142578125
5 0.853515625 0.8955078125 0.138671875 0.16796875
5 0.7861328125 0.86279296875 0.115234375 0.1650390625
5 0.72216796875 0.8125 0.1357421875 0.16015625
5 0.50537109375 0.6962890625 0.1376953125 0.1875
5 0.5693359375 0.7333984375 0.150390625 0.193359375
