5 0.6298828125 0.333984375 0.166015625 0.119140625
4 0.41845703125 0.80322265625 0.0380859375 0.0146484375
4 0.4384765625 0.71533203125 0.126953125 0.0517578125
4 0.3916015625 0.63232421875 0.046875 0.0244140625
4 0.39306640625 0.5537109375 0.0478515625 0.0234375
4 0.4150390625 0.5869140625 0.091796875 0.041015625
4 0.3427734375 0.42578125 0.046875 0.03125
4 0.32568359375 0.37841796875 0.0478515625 0.0380859375
4 0.20849609375 0.03271484375 0.1376953125 0.0615234375
5 0.7265625 0.9453125 0.125 0.109375
5 0.72265625 0.7568359375 0.134765625 0.185546875
5 0.6953125 0.5390625 0.17578125 0.19921875
5 0.58544921875 0.205078125 0.1650390625 0.130859375
0 0.1103515625 0.95458984375 0.03515625 0.0224609375
5 0.3935546875 0.9404296875 0.0703125 0.0859375
5 0.42333984375 0.80908203125 0.1162109375 0.0712890625
5 0.4169921875 0.71923828125 0.115234375 0.0791015625
5 0.38134765625 0.58935546875 0.1123046875 0.0947265625
5 0.34521484375 0.4814453125 0.1279296875 0.109375
5 0.31005859375 0.39697265625 0.1259765625 0.1103515625
4 0.43994140625 0.93115234375 0.0458984375 0.1298828125
0 0.11767578125 0.818359375 0.0361328125 0.01953125
0 0.11279296875 0.7939453125 0.0419921875 0.0234375
0 0.0205078125 0.79931640625 0.033203125 0.0224609375
0 0.07421875 0.5927734375 0.03515625 0.029296875
0 0.06787109375 0.5732421875 0.0458984375 0.03515625
0 0.03857421875 0.5234375 0.0517578125 0.03515625
0 0.11083984375 0.9765625 0.0322265625 0.01953125
0 0.11181640625 0.7744140625 0.0419921875 0.025390625
0 0.078125 0.6142578125 0.03515625 0.02734375
0 0.0322265625 0.5029296875 0.0390625 0.03125
4 0.5 0.23828125 0.068359375 0.09765625
4 0.54736328125 0.36083984375 0.0380859375 0.0712890625
4 0.6357421875 0.47705078125 0.025390625 0.0341796875
4 0.59619140625 0.486328125 0.0654296875 0.119140625
4 0.6298828125 0.59130859375 0.046875 0.0947265625
4 0.67529296875 0.60205078125 0.0263671875 0.0458984375
4 0.67236328125 0.6396484375 0.0400390625 0.021484375
4 0.65087890625 0.6904296875 0.0283203125 0.0546875
4 0.6953125 0.82177734375 0.091796875 0.0751953125
5 0.2880859375 0.30908203125 0.107421875 0.1025390625
