4 0.2216796875 0.9697265625 0.01953125 0.048828125
4 0.244140625 0.95947265625 0.021484375 0.0517578125
5 0.79736328125 0.951171875 0.1181640625 0.09765625
5 0.8544921875 0.873046875 0.109375 0.095703125
5 0.900390625 0.80859375 0.109375 0.1015625
5 0.953125 0.72119140625 0.09375 0.0966796875
5 0.3271484375 0.97412109375 0.19921875 0.0517578125
5 0.6025390625 0.98681640625 0.181640625 0.0263671875
4 0.994140625 0.63037109375 0.01171875 0.0126953125
4 0.99169921875 0.732421875 0.0166015625 0.03515625
4 0.9775390625 0.77197265625 0.041015625 0.0166015625
4 0.6357421875 0.98876953125 0.015625 0.0224609375
4 0.611328125 0.9873046875 0.01953125 0.025390625
4 0.59228515625 0.9921875 0.0146484375 0.015625
4 0.5673828125 0.990234375 0.015625 0.01953125
4 0.54931640625 0.98193359375 0.0205078125 0.0361328125
4 0.52392578125 0.98779296875 0.0126953125 0.0244140625
4 0.5048828125 0.9833984375 0.021484375 0.033203125
4 0.43408203125 0.9833984375 0.0244140625 0.033203125
4 0.4150390625 0.9775390625 0.017578125 0.041015625
4 0.3828125 0.9736328125 0.017578125 0.04296875
4 0.3349609375 0.974609375 0.01171875 0.025390625
4 0.32080078125 0.9736328125 0.0126953125 0.0234375
4 0.3037109375 0.97412109375 0.017578125 0.0380859375
4 0.26953125 0.99755859375 0.0390625 0.0048828125
4 0.2744140625 0.95703125 0.0234375 0.05859375
4 0.67822265625 0.99267578125 0.0146484375 0.0146484375
4 0.69873046875 0.9931640625 0.0166015625 0.013671875
4 0.76708984375 0.93798828125 0.0380859375 0.0439453125
4 0.86865234375 0.8642578125 0.0126953125 0.025390625
4 0.95263671875 0.748046875 0.0478515625 0.017578125
4 0.93603515625 0.72998046875 0.0380859375 0.0146484375
4 0.9619140625 0.70068359375 0.015625 0.0400390625
4 0.8642578125 0.80224609375 0.02734375 0.0166015625
4 0.80810546875 0.8369140625 0.0322265625 0.0390625
4 0.85205078125 0.85498046875 0.0146484375 0.0244140625
4 0.8330078125 0.84228515625 0.01171875 0.0205078125
4 0.88818359375 0.8828125 0.0185546875 0.02734375
4 0.78857421875 0.953125 0.0380859375 0.04296875
4 0.818359375 0.8603515625 0.02734375 0.013671875
4 0.8369140625 0.87646484375 0.0234375 0.0107421875
4 0.853515625 0.88818359375 0.02734375 0.0126953125
4 0.87158203125 0.89990234375 0.0263671875 0.0126953125
4 0.8017578125 0.9150390625 0.052734375 0.046875
4 0.82373046875 0.97998046875 0.0322265625 0.0380859375
4 0.8076171875 0.97265625 0.033203125 0.0390625
