4 0.2216796875 0.6376953125 0.01953125 0.048828125
4 0.244140625 0.62744140625 0.021484375 0.0517578125
5 0.79736328125 0.62353515625 0.1181640625 0.1064453125
5 0.8544921875 0.541015625 0.109375 0.095703125
5 0.900390625 0.4765625 0.109375 0.1015625
5 0.953125 0.38916015625 0.09375 0.0966796875
5 0.328125 0.64794921875 0.201171875 0.0634765625
5 0.6015625 0.67333984375 0.18359375 0.0634765625
4 0.994140625 0.29833984375 0.01171875 0.0126953125
4 0.99169921875 0.400390625 0.0166015625 0.03515625
4 0.9775390625 0.43994140625 0.041015625 0.0166015625
4 0.63525390625 0.66845703125 0.0166015625 0.0458984375
4 0.611328125 0.6669921875 0.01953125 0.048828125
4 0.59228515625 0.66943359375 0.0146484375 0.0341796875
4 0.56689453125 0.6689453125 0.0166015625 0.041015625
4 0.548828125 0.65966796875 0.021484375 0.0556640625
4 0.52392578125 0.6572265625 0.0126953125 0.02734375
4 0.53125 0.6982421875 0.033203125 0.013671875
4 0.5048828125 0.66650390625 0.021484375 0.0634765625
4 0.43310546875 0.65966796875 0.0263671875 0.0498046875
4 0.4150390625 0.6455078125 0.017578125 0.041015625
4 0.3994140625 0.68310546875 0.02734375 0.0126953125
4 0.3828125 0.6416015625 0.017578125 0.04296875
4 0.3349609375 0.642578125 0.01171875 0.025390625
4 0.32080078125 0.6416015625 0.0126953125 0.0234375
4 0.3037109375 0.64208984375 0.017578125 0.0380859375
4 0.26953125 0.671875 0.0390625 0.017578125
4 0.2744140625 0.625 0.0234375 0.05859375
4 0.67822265625 0.67236328125 0.0146484375 0.0380859375
4 0.69775390625 0.67822265625 0.0185546875 0.0478515625
4 0.76708984375 0.60595703125 0.0380859375 0.0439453125
4 0.86865234375 0.5322265625 0.0126953125 0.025390625
4 0.95263671875 0.416015625 0.0478515625 0.017578125
4 0.93603515625 0.39794921875 0.0380859375 0.0146484375
4 0.9619140625 0.36865234375 0.015625 0.0400390625
4 0.8642578125 0.47021484375 0.02734375 0.0166015625
4 0.80810546875 0.5048828125 0.0322265625 0.0390625
4 0.85205078125 0.52294921875 0.0146484375 0.0244140625
4 0.8330078125 0.51025390625 0.01171875 0.0205078125
4 0.88818359375 0.55078125 0.0185546875 0.02734375
4 0.78857421875 0.62109375 0.0380859375 0.04296875
4 0.818359375 0.5283203125 0.02734375 0.013671875
4 0.8369140625 0.54443359375 0.0234375 0.0107421875
4 0.853515625 0.55615234375 0.02734375 0.0126953125
4 0.87158203125 0.56787109375 0.0263671875 0.0126953125
4 0.8017578125 0.5830078125 0.052734375 0.046875
4 0.82373046875 0.64794921875 0.0322265625 0.0380859375
4 0.8076171875 0.640625 0.033203125 0.0390625
5 0.13916015625 0.87451171875 0.1044921875 0.0908203125
