4 0.71630859375 0.771484375 0.0419921875 0.02734375
5 0.0361328125 0.400390625 0.064453125 0.119140625
5 0.1171875 0.400390625 0.060546875 0.115234375
5 0.21728515625 0.39794921875 0.0654296875 0.1201171875
5 0.33740234375 0.39794921875 0.0712890625 0.1259765625
5 0.52392578125 0.4267578125 0.1787109375 0.193359375
5 0.58740234375 0.50634765625 0.1298828125 0.0927734375
5 0.6318359375 0.61474609375 0.1328125 0.1181640625
5 0.6708984375 0.69873046875 0.14453125 0.1240234375
5 0.71337890625 0.7978515625 0.1474609375 0.12890625
5 0.7509765625 0.8828125 0.119140625 0.07421875
5 0.74658203125 0.97021484375 0.1181640625 0.0595703125
4 0.66015625 0.70703125 0.11328125 0.07421875
0 0.466796875 0.064453125 0.01953125 0.04296875
0 0.4853515625 0.06201171875 0.01953125 0.0380859375
0 0.322265625 0.06298828125 0.01953125 0.0458984375
0 0.609375 0.07666015625 0.02734375 0.0380859375
4 0.62451171875 0.65380859375 0.0654296875 0.0439453125
0 0.91357421875 0.02978515625 0.0380859375 0.0302734375
0 0.546875 0.06884765625 0.0234375 0.0380859375
0 0.982421875 0.58203125 0.033203125 0.03125
0 0.42431640625 0.0693359375 0.0205078125 0.0390625
0 0.87548828125 0.34228515625 0.0400390625 0.0283203125
4 0.59716796875 0.62353515625 0.1630859375 0.1025390625
4 0.47802734375 0.46142578125 0.0673828125 0.0830078125
4 0.51416015625 0.39892578125 0.0458984375 0.0517578125
4 0.46484375 0.384765625 0.03515625 0.0546875
4 0.38232421875 0.3759765625 0.0185546875 0.044921875
4 0.34375 0.416015625 0.033203125 0.0703125
4 0.2138671875 0.42529296875 0.03515625 0.1103515625
4 0.02685546875 0.44287109375 0.0400390625 0.1318359375
4 0.7490234375 0.8701171875 0.056640625 0.025390625
4 0.70947265625 0.8388671875 0.0458984375 0.033203125
