4 0.13525390625 0.92041015625 0.0185546875 0.0224609375
4 0.0869140625 0.92626953125 0.017578125 0.0146484375
4 0.98779296875 0.55810546875 0.0244140625 0.0263671875
4 0.98486328125 0.5791015625 0.0302734375 0.025390625
4 0.974609375 0.59619140625 0.033203125 0.0244140625
4 0.96826171875 0.61279296875 0.0498046875 0.0361328125
4 0.95703125 0.62890625 0.046875 0.03515625
4 0.94580078125 0.64599609375 0.0439453125 0.0341796875
4 0.90185546875 0.67236328125 0.0830078125 0.0634765625
4 0.94677734375 0.5498046875 0.0380859375 0.029296875
4 0.9384765625 0.5654296875 0.03125 0.0234375
4 0.8671875 0.50830078125 0.03125 0.0244140625
4 0.697265625 0.5458984375 0.06640625 0.046875
4 0.7841796875 0.576171875 0.025390625 0.021484375
4 0.79296875 0.5634765625 0.02734375 0.021484375
4 0.80078125 0.55126953125 0.02734375 0.0224609375
4 0.80859375 0.53857421875 0.02734375 0.0224609375
4 0.83056640625 0.49560546875 0.0263671875 0.0224609375
4 0.8564453125 0.455078125 0.029296875 0.0234375
4 0.88623046875 0.478515625 0.0224609375 0.01953125
4 0.8583984375 0.52490234375 0.0234375 0.0166015625
4 0.9267578125 0.5771484375 0.03125 0.025390625
4 0.8505859375 0.53955078125 0.025390625 0.0205078125
4 0.84326171875 0.5546875 0.0302734375 0.0234375
4 0.83447265625 0.5673828125 0.0283203125 0.021484375
4 0.8173828125 0.59326171875 0.025390625 0.0205078125
4 0.79248046875 0.6044921875 0.0732421875 0.052734375
4 0.8935546875 0.638671875 0.037109375 0.029296875
4 0.90087890625 0.62451171875 0.0380859375 0.0283203125
4 0.91162109375 0.609375 0.0419921875 0.033203125
5 0.9375 0.603515625 0.125 0.166015625
5 0.83349609375 0.53125 0.1298828125 0.166015625
5 0.7373046875 0.47216796875 0.126953125 0.1630859375
5 0.58154296875 0.39697265625 0.1982421875 0.1767578125
5 0.384765625 0.29150390625 0.09765625 0.1103515625
5 0.330078125 0.2587890625 0.060546875 0.087890625
5 0.2783203125 0.2275390625 0.1171875 0.123046875
5 0.1005859375 0.12890625 0.201171875 0.181640625
4 0.71923828125 0.53564453125 0.0263671875 0.0205078125
4 0.73095703125 0.52294921875 0.0283203125 0.0224609375
4 0.75439453125 0.48046875 0.0224609375 0.01953125
4 0.55859375 0.36767578125 0.017578125 0.0146484375
4 0.626953125 0.4228515625 0.01953125 0.013671875
4 0.62158203125 0.431640625 0.0185546875 0.015625
4 0.5302734375 0.443359375 0.048828125 0.037109375
4 0.5380859375 0.40283203125 0.017578125 0.0146484375
4 0.54150390625 0.39697265625 0.0166015625 0.0146484375
4 0.5458984375 0.39013671875 0.017578125 0.0146484375
4 0.5498046875 0.3828125 0.017578125 0.015625
4 0.5546875 0.375 0.017578125 0.013671875
4 0.5625 0.361328125 0.017578125 0.013671875
4 0.6376953125 0.40478515625 0.01953125 0.0146484375
4 0.5673828125 0.353515625 0.017578125 0.015625
4 0.54345703125 0.3408203125 0.0263671875 0.01953125
4 0.55029296875 0.3291015625 0.0244140625 0.021484375
4 0.55517578125 0.31201171875 0.0458984375 0.0341796875
4 0.53955078125 0.3486328125 0.0244140625 0.017578125
4 0.53271484375 0.3583984375 0.0244140625 0.01953125
4 0.517578125 0.39404296875 0.03515625 0.0498046875
4 0.43896484375 0.38330078125 0.0419921875 0.0341796875
4 0.63037109375 0.4150390625 0.0205078125 0.013671875
4 0.6455078125 0.392578125 0.021484375 0.013671875
4 0.4619140625 0.3525390625 0.033203125 0.0234375
4 0.74658203125 0.49462890625 0.0283203125 0.0224609375
4 0.0712890625 0.8583984375 0.01171875 0.01953125
5 0.0498046875 0.96435546875 0.0703125 0.0712890625
4 0.71875 0.466796875 0.025390625 0.021484375
4 0.71142578125 0.48095703125 0.0263671875 0.0205078125
4 0.70361328125 0.494140625 0.0244140625 0.01953125
4 0.6962890625 0.50634765625 0.0234375 0.0205078125
4 0.68896484375 0.51953125 0.0244140625 0.01953125
4 0.7373046875 0.5048828125 0.025390625 0.01953125
4 0.7265625 0.45556640625 0.025390625 0.0205078125
4 0.6494140625 0.38134765625 0.01953125 0.0126953125
4 0.734375 0.44189453125 0.025390625 0.0205078125
4 0.76953125 0.45458984375 0.02734375 0.0224609375
4 0.7421875 0.43017578125 0.0234375 0.0185546875
4 0.6982421875 0.38671875 0.021484375 0.029296875
4 0.67138671875 0.43701171875 0.0419921875 0.0576171875
4 0.60546875 0.35400390625 0.015625 0.0185546875
4 0.619140625 0.361328125 0.013671875 0.017578125
4 0.6279296875 0.36865234375 0.015625 0.0185546875
4 0.45703125 0.35986328125 0.033203125 0.0244140625
4 0.4677734375 0.3408203125 0.033203125 0.0234375
4 0.81298828125 0.5234375 0.0283203125 0.0234375
4 0.0791015625 0.14990234375 0.03125 0.0419921875
4 0.11279296875 0.1259765625 0.0126953125 0.015625
4 0.1064453125 0.12255859375 0.01171875 0.0166015625
4 0.10009765625 0.11865234375 0.0126953125 0.0166015625
4 0.16259765625 0.19677734375 0.0283203125 0.0361328125
4 0.15087890625 0.18896484375 0.0244140625 0.0361328125
4 0.12646484375 0.17333984375 0.0263671875 0.0341796875
4 0.11328125 0.1650390625 0.01953125 0.025390625
4 0.1005859375 0.15771484375 0.01953125 0.0244140625
4 0.03857421875 0.09765625 0.0341796875 0.046875
4 0.12451171875 0.1328125 0.0126953125 0.017578125
4 0.01953125 0.09375 0.033203125 0.046875
4 0.74853515625 0.41748046875 0.0244140625 0.0185546875
4 0.7587890625 0.40087890625 0.02734375 0.0224609375
4 0.78369140625 0.4287109375 0.0224609375 0.017578125
4 0.775390625 0.43994140625 0.025390625 0.0205078125
4 0.759765625 0.46630859375 0.02734375 0.0224609375
4 0.84814453125 0.46728515625 0.0244140625 0.0205078125
4 0.83935546875 0.4814453125 0.0263671875 0.021484375
4 0.1181640625 0.13037109375 0.013671875 0.0166015625
4 0.13037109375 0.13623046875 0.0126953125 0.0166015625
4 0.47265625 0.33251953125 0.033203125 0.0224609375
4 0.22509765625 0.22412109375 0.0302734375 0.0400390625
4 0.478515625 0.3212890625 0.033203125 0.0234375
4 0.48486328125 0.3134765625 0.0341796875 0.0234375
4 0.4814453125 0.29296875 0.041015625 0.03125
4 0.48388671875 0.2685546875 0.0400390625 0.03125
4 0.42919921875 0.33349609375 0.0771484375 0.1103515625
4 0.24609375 0.275390625 0.068359375 0.0546875
4 0.24267578125 0.2412109375 0.0126953125 0.017578125
4 0.24951171875 0.2451171875 0.0166015625 0.013671875
4 0.18701171875 0.171875 0.0107421875 0.015625
4 0.13671875 0.13916015625 0.013671875 0.0166015625
4 0.181640625 0.16943359375 0.01171875 0.0146484375
4 0.17626953125 0.166015625 0.0126953125 0.015625
4 0.17041015625 0.162109375 0.0126953125 0.015625
4 0.1650390625 0.158203125 0.01171875 0.015625
4 0.15966796875 0.15576171875 0.0107421875 0.0146484375
4 0.154296875 0.15283203125 0.01171875 0.0166015625
4 0.1474609375 0.14794921875 0.013671875 0.0166015625
4 0.1416015625 0.1435546875 0.013671875 0.015625
