0 0.91748046875 0.1669921875 0.0322265625 0.037109375
5 0.59912109375 0.52392578125 0.0654296875 0.0556640625
5 0.6708984375 0.6357421875 0.07421875 0.06640625
5 0.70556640625 0.68505859375 0.0771484375 0.0693359375
5 0.7373046875 0.728515625 0.068359375 0.060546875
5 0.7763671875 0.77880859375 0.083984375 0.0732421875
5 0.8154296875 0.84423828125 0.080078125 0.0712890625
5 0.8486328125 0.89111328125 0.072265625 0.0693359375
5 0.8857421875 0.9443359375 0.068359375 0.060546875
4 0.078125 0.04248046875 0.076171875 0.0654296875
4 0.1953125 0.0087890625 0.033203125 0.015625
4 0.09912109375 0.0771484375 0.0498046875 0.041015625
4 0.216796875 0.0556640625 0.041015625 0.052734375
4 0.24951171875 0.052734375 0.0400390625 0.046875
4 0.28369140625 0.16796875 0.0673828125 0.0703125
4 0.26513671875 0.2578125 0.0634765625 0.076171875
4 0.22021484375 0.25634765625 0.0439453125 0.0361328125
4 0.3349609375 0.22607421875 0.041015625 0.0439453125
4 0.37255859375 0.2822265625 0.0478515625 0.05078125
4 0.3359375 0.400390625 0.041015625 0.041015625
4 0.4111328125 0.33447265625 0.044921875 0.0458984375
5 0.5556640625 0.4736328125 0.083984375 0.072265625
5 0.51953125 0.4150390625 0.072265625 0.0625
5 0.47802734375 0.36181640625 0.0791015625 0.0654296875
5 0.45654296875 0.6044921875 0.0849609375 0.0859375
5 0.04541015625 0.021484375 0.0634765625 0.041015625
5 0.08447265625 0.06787109375 0.0654296875 0.0576171875
5 0.11572265625 0.123046875 0.0693359375 0.06640625
5 0.1865234375 0.22900390625 0.072265625 0.0673828125
5 0.2275390625 0.283203125 0.0703125 0.064453125
5 0.26708984375 0.33349609375 0.0673828125 0.0576171875
5 0.302734375 0.39013671875 0.072265625 0.0634765625
5 0.349609375 0.4423828125 0.072265625 0.064453125
5 0.38525390625 0.49609375 0.0751953125 0.072265625
5 0.49267578125 0.65625 0.0791015625 0.072265625
5 0.44580078125 0.3046875 0.0791015625 0.064453125
5 0.525390625 0.71484375 0.091796875 0.080078125
5 0.5693359375 0.7568359375 0.0703125 0.0625
5 0.60595703125 0.80859375 0.0634765625 0.056640625
5 0.6298828125 0.87353515625 0.08984375 0.0791015625
5 0.6640625 0.92333984375 0.091796875 0.0810546875
5 0.24755859375 0.0419921875 0.0927734375 0.08203125
5 0.31005859375 0.12646484375 0.0927734375 0.0908203125
5 0.3662109375 0.1982421875 0.072265625 0.06640625
5 0.4072265625 0.25048828125 0.068359375 0.0576171875
4 0.140625 0.14208984375 0.033203125 0.0322265625
4 0.283203125 0.11572265625 0.04296875 0.0380859375
4 0.296875 0.31689453125 0.029296875 0.0380859375
0 0.04638671875 0.83251953125 0.0458984375 0.0419921875
0 0.03564453125 0.47802734375 0.0361328125 0.0400390625
0 0.056640625 0.50634765625 0.03125 0.0380859375
0 0.0654296875 0.6044921875 0.03125 0.037109375
0 0.12060546875 0.6796875 0.0380859375 0.041015625
0 0.1650390625 0.69970703125 0.01953125 0.0361328125
0 0.2314453125 0.66845703125 0.03515625 0.0341796875
0 0.24267578125 0.6904296875 0.0361328125 0.03515625
0 0.08984375 0.80078125 0.0390625 0.03515625
0 0.828125 0.3818359375 0.029296875 0.03515625
0 0.26220703125 0.7998046875 0.0361328125 0.041015625
0 0.2265625 0.8330078125 0.037109375 0.0390625
0 0.259765625 0.88037109375 0.03515625 0.0419921875
0 0.28662109375 0.9169921875 0.0322265625 0.037109375
1 0.93017578125 0.38720703125 0.0458984375 0.0419921875
0 0.806640625 0.34765625 0.03515625 0.037109375
0 0.7138671875 0.04443359375 0.044921875 0.0302734375
0 0.9658203125 0.130859375 0.041015625 0.02734375
0 0.82373046875 0.1455078125 0.0322265625 0.0390625
0 0.8056640625 0.47265625 0.037109375 0.03515625
4 0.28759765625 0.349609375 0.0400390625 0.03515625
4 0.70654296875 0.7529296875 0.0400390625 0.04296875
4 0.3837890625 0.416015625 0.04296875 0.0546875
4 0.39892578125 0.544921875 0.0341796875 0.03125
4 0.421875 0.5576171875 0.044921875 0.03125
4 0.53125 0.6328125 0.037109375 0.04296875
4 0.6005859375 0.734375 0.0390625 0.05078125
4 0.6767578125 0.83740234375 0.03515625 0.0419921875
4 0.8505859375 0.96337890625 0.04296875 0.0517578125
4 0.81884765625 0.9169921875 0.0400390625 0.046875
4 0.740234375 0.8056640625 0.03515625 0.0390625
4 0.64990234375 0.61181640625 0.0478515625 0.0400390625
0 0.96533203125 0.36083984375 0.0380859375 0.0361328125
4 0.62890625 0.58642578125 0.033203125 0.0205078125
4 0.61328125 0.57763671875 0.03125 0.0263671875
4 0.56494140625 0.54345703125 0.0400390625 0.0498046875
0 0.6357421875 0.015625 0.041015625 0.02734375
0 0.67724609375 0.12060546875 0.0361328125 0.0498046875
0 0.8701171875 0.099609375 0.03515625 0.025390625
0 0.67919921875 0.16796875 0.0361328125 0.04296875
0 0.72998046875 0.2392578125 0.0361328125 0.04296875
0 0.75537109375 0.2744140625 0.0400390625 0.048828125
