4 0.150390625 0.93701171875 0.017578125 0.0302734375
4 0.6796875 0.5146484375 0.033203125 0.015625
4 0.67333984375 0.48486328125 0.0380859375 0.0185546875
4 0.67041015625 0.470703125 0.0361328125 0.01953125
4 0.66650390625 0.45556640625 0.0322265625 0.0166015625
4 0.6630859375 0.4423828125 0.029296875 0.015625
4 0.62255859375 0.451171875 0.0302734375 0.017578125
4 0.62060546875 0.4375 0.0244140625 0.013671875
4 0.6640625 0.42724609375 0.033203125 0.0185546875
4 0.728515625 0.41162109375 0.03125 0.0185546875
4 0.76806640625 0.4013671875 0.0322265625 0.017578125
4 0.734375 0.42626953125 0.02734375 0.0166015625
4 0.77294921875 0.41796875 0.0302734375 0.017578125
4 0.775390625 0.43310546875 0.0234375 0.0146484375
4 0.77734375 0.44873046875 0.033203125 0.0185546875
4 0.74755859375 0.46533203125 0.0302734375 0.0556640625
4 0.779296875 0.46435546875 0.029296875 0.0166015625
4 0.67724609375 0.50048828125 0.0380859375 0.0185546875
4 0.68359375 0.52880859375 0.037109375 0.0205078125
4 0.6875 0.74658203125 0.037109375 0.0185546875
4 0.68701171875 0.54296875 0.0361328125 0.01953125
4 0.7138671875 0.78369140625 0.064453125 0.0283203125
4 0.73388671875 0.75830078125 0.0361328125 0.0185546875
4 0.73046875 0.74267578125 0.03515625 0.0185546875
4 0.72802734375 0.7265625 0.0361328125 0.01953125
4 0.72412109375 0.71142578125 0.0361328125 0.0185546875
4 0.720703125 0.6962890625 0.03515625 0.017578125
4 0.71435546875 0.68017578125 0.0322265625 0.0166015625
4 0.71337890625 0.6640625 0.0361328125 0.01953125
4 0.708984375 0.6494140625 0.03515625 0.017578125
4 0.70654296875 0.6328125 0.0361328125 0.01953125
4 0.70263671875 0.619140625 0.0341796875 0.017578125
4 0.70166015625 0.6015625 0.0341796875 0.017578125
4 0.69775390625 0.5869140625 0.0341796875 0.017578125
4 0.69287109375 0.57080078125 0.0380859375 0.0205078125
4 0.689453125 0.5576171875 0.033203125 0.017578125
4 0.7841796875 0.47998046875 0.029296875 0.0166015625
4 0.78857421875 0.4951171875 0.0341796875 0.01953125
4 0.76513671875 0.52978515625 0.0302734375 0.0654296875
4 0.79736328125 0.525390625 0.0322265625 0.01953125
4 0.89453125 0.6328125 0.033203125 0.017578125
4 0.89306640625 0.61767578125 0.0341796875 0.0166015625
4 0.89013671875 0.60302734375 0.0302734375 0.0166015625
4 0.88427734375 0.58935546875 0.0322265625 0.0166015625
4 0.8798828125 0.5595703125 0.03125 0.017578125
4 0.87451171875 0.5458984375 0.0341796875 0.017578125
4 0.8701171875 0.515625 0.03125 0.017578125
4 0.86572265625 0.50146484375 0.0302734375 0.0166015625
4 0.86328125 0.48876953125 0.03125 0.0166015625
4 0.8603515625 0.47265625 0.03125 0.017578125
4 0.85791015625 0.4580078125 0.0302734375 0.017578125
4 0.853515625 0.4443359375 0.033203125 0.01953125
4 0.85009765625 0.43017578125 0.0302734375 0.0166015625
4 0.84765625 0.4150390625 0.03125 0.017578125
4 0.841796875 0.4013671875 0.033203125 0.01953125
4 0.900390625 0.646484375 0.0234375 0.01171875
4 0.9033203125 0.6611328125 0.029296875 0.017578125
4 0.9052734375 0.67626953125 0.025390625 0.0146484375
4 0.82177734375 0.646484375 0.0244140625 0.013671875
4 0.8037109375 0.55615234375 0.033203125 0.0185546875
4 0.80712890625 0.57177734375 0.0322265625 0.0166015625
4 0.78125 0.6044921875 0.037109375 0.0859375
4 0.8154296875 0.60302734375 0.033203125 0.0185546875
4 0.8173828125 0.61865234375 0.02734375 0.0166015625
4 0.82080078125 0.6318359375 0.0224609375 0.015625
4 0.82666015625 0.66064453125 0.0302734375 0.0185546875
4 0.9091796875 0.68994140625 0.033203125 0.0146484375
4 0.83154296875 0.67431640625 0.0341796875 0.0185546875
4 0.83544921875 0.6884765625 0.0341796875 0.017578125
4 0.83837890625 0.7041015625 0.0322265625 0.015625
4 0.8037109375 0.69921875 0.02734375 0.056640625
4 0.82470703125 0.74169921875 0.0615234375 0.0322265625
4 0.84228515625 0.71728515625 0.0322265625 0.0166015625
4 0.69140625 0.76513671875 0.041015625 0.0185546875
4 0.6826171875 0.72998046875 0.0390625 0.0185546875
4 0.8828125 0.4072265625 0.03515625 0.017578125
4 0.3232421875 0.5703125 0.015625 0.0234375
4 0.3623046875 0.55517578125 0.015625 0.0244140625
4 0.375 0.55029296875 0.017578125 0.0283203125
4 0.3876953125 0.5458984375 0.017578125 0.025390625
4 0.400390625 0.54150390625 0.015625 0.0244140625
4 0.4130859375 0.53662109375 0.017578125 0.0263671875
4 0.4775390625 0.5087890625 0.052734375 0.033203125
4 0.48828125 0.525390625 0.044921875 0.0234375
4 0.49658203125 0.5439453125 0.0478515625 0.0234375
4 0.50146484375 0.5625 0.0439453125 0.0234375
4 0.50439453125 0.58251953125 0.0478515625 0.0263671875
4 0.5078125 0.603515625 0.05078125 0.02734375
4 0.5146484375 0.62353515625 0.052734375 0.0283203125
4 0.5166015625 0.64404296875 0.044921875 0.0224609375
4 0.51953125 0.66455078125 0.048828125 0.0244140625
4 0.52734375 0.68505859375 0.052734375 0.0283203125
4 0.3369140625 0.5654296875 0.015625 0.0234375
4 0.29833984375 0.5810546875 0.0185546875 0.029296875
4 0.6806640625 0.7119140625 0.03515625 0.01953125
4 0.28564453125 0.583984375 0.0166015625 0.02734375
4 0.1318359375 0.81591796875 0.029296875 0.0166015625
4 0.1298828125 0.8046875 0.02734375 0.017578125
4 0.15673828125 0.796875 0.0302734375 0.017578125
4 0.12744140625 0.79443359375 0.0283203125 0.0185546875
4 0.1201171875 0.77392578125 0.02734375 0.0166015625
4 0.35107421875 0.6796875 0.0263671875 0.041015625
4 0.33349609375 0.6865234375 0.0263671875 0.04296875
4 0.3154296875 0.69287109375 0.02734375 0.0439453125
4 0.29736328125 0.69970703125 0.0283203125 0.0439453125
4 0.27880859375 0.70556640625 0.0244140625 0.0419921875
4 0.26220703125 0.71240234375 0.0263671875 0.0439453125
4 0.2451171875 0.7197265625 0.0234375 0.041015625
4 0.23486328125 0.60498046875 0.0166015625 0.0283203125
4 0.25927734375 0.59423828125 0.0166015625 0.0263671875
4 0.2724609375 0.5908203125 0.017578125 0.02734375
4 0.533203125 0.70556640625 0.05078125 0.0244140625
4 0.537109375 0.72607421875 0.048828125 0.0244140625
4 0.54052734375 0.748046875 0.0439453125 0.021484375
4 0.5439453125 0.76904296875 0.052734375 0.0263671875
4 0.54150390625 0.50927734375 0.0380859375 0.0205078125
4 0.5322265625 0.4736328125 0.041015625 0.021484375
4 0.62890625 0.47119140625 0.0390625 0.0205078125
4 0.63232421875 0.4912109375 0.0341796875 0.01953125
4 0.6357421875 0.51025390625 0.033203125 0.0166015625
4 0.63916015625 0.52880859375 0.0361328125 0.0205078125
4 0.642578125 0.55029296875 0.029296875 0.0166015625
4 0.64599609375 0.56640625 0.0400390625 0.01953125
4 0.650390625 0.58447265625 0.041015625 0.0224609375
4 0.6572265625 0.6015625 0.037109375 0.01953125
4 0.6591796875 0.62060546875 0.037109375 0.0185546875
4 0.66357421875 0.638671875 0.0400390625 0.021484375
4 0.66748046875 0.6572265625 0.0400390625 0.01953125
4 0.671875 0.67578125 0.03515625 0.017578125
4 0.67333984375 0.69482421875 0.0380859375 0.0205078125
4 0.54443359375 0.52734375 0.0400390625 0.021484375
4 0.5498046875 0.54443359375 0.037109375 0.0185546875
4 0.5537109375 0.5625 0.0390625 0.021484375
4 0.59130859375 0.740234375 0.0341796875 0.01953125
4 0.5498046875 0.7900390625 0.044921875 0.021484375
4 0.55517578125 0.8095703125 0.0498046875 0.025390625
4 0.587890625 0.82861328125 0.08984375 0.0380859375
4 0.603515625 0.7998046875 0.03515625 0.021484375
4 0.603515625 0.78076171875 0.0390625 0.0185546875
4 0.59521484375 0.759765625 0.0341796875 0.01953125
4 0.58642578125 0.720703125 0.0341796875 0.017578125
4 0.55615234375 0.58251953125 0.0341796875 0.0205078125
4 0.58642578125 0.7001953125 0.0439453125 0.021484375
4 0.5791015625 0.6806640625 0.0390625 0.01953125
4 0.57421875 0.6611328125 0.0390625 0.01953125
4 0.5703125 0.640625 0.041015625 0.021484375
4 0.56396484375 0.6220703125 0.0361328125 0.021484375
4 0.5615234375 0.6015625 0.041015625 0.0234375
4 0.8798828125 0.392578125 0.03125 0.01953125
4 0.88671875 0.421875 0.03125 0.015625
4 0.134765625 0.826171875 0.029296875 0.015625
5 0.97705078125 0.9013671875 0.0458984375 0.197265625
5 0.88720703125 0.9189453125 0.1103515625 0.162109375
5 0.7607421875 0.94287109375 0.10546875 0.1142578125
5 0.611328125 0.9638671875 0.109375 0.072265625
5 0.36572265625 0.84130859375 0.2255859375 0.1845703125
5 0.322265625 0.6689453125 0.201171875 0.14453125
5 0.322265625 0.5673828125 0.203125 0.10546875
5 0.8896484375 0.52685546875 0.14453125 0.3720703125
5 0.78564453125 0.56396484375 0.1416015625 0.3583984375
5 0.67626953125 0.60595703125 0.1435546875 0.3583984375
4 0.888671875 0.43603515625 0.029296875 0.0166015625
4 0.99365234375 0.55908203125 0.0126953125 0.0166015625
4 0.98681640625 0.5244140625 0.0263671875 0.021484375
4 0.98583984375 0.5048828125 0.0283203125 0.01953125
4 0.98388671875 0.48828125 0.0322265625 0.01953125
4 0.9833984375 0.46923828125 0.033203125 0.0205078125
4 0.97900390625 0.453125 0.0361328125 0.01953125
4 0.97314453125 0.43603515625 0.0380859375 0.0205078125
4 0.97119140625 0.4169921875 0.0361328125 0.01953125
4 0.96923828125 0.39990234375 0.0380859375 0.0205078125
4 0.962890625 0.3828125 0.03515625 0.01953125
4 0.9580078125 0.36572265625 0.041015625 0.0224609375
4 0.95458984375 0.34716796875 0.0361328125 0.0205078125
4 0.94873046875 0.33056640625 0.0380859375 0.0224609375
4 0.94580078125 0.31494140625 0.0302734375 0.0166015625
4 0.98583984375 0.302734375 0.0283203125 0.017578125
4 0.98828125 0.3193359375 0.0234375 0.017578125
4 0.9912109375 0.54248046875 0.017578125 0.0166015625
4 0.9306640625 0.7041015625 0.052734375 0.025390625
4 0.94873046875 0.6826171875 0.0322265625 0.017578125
4 0.8935546875 0.45068359375 0.03515625 0.0185546875
4 0.89453125 0.46435546875 0.029296875 0.0166015625
4 0.8984375 0.47998046875 0.029296875 0.0166015625
4 0.9033203125 0.494140625 0.033203125 0.017578125
4 0.90625 0.50830078125 0.033203125 0.0185546875
4 0.9091796875 0.5234375 0.03125 0.015625
4 0.9140625 0.53662109375 0.03515625 0.0185546875
4 0.91845703125 0.56689453125 0.0302734375 0.0166015625
4 0.92333984375 0.580078125 0.0341796875 0.01953125
4 0.92724609375 0.5947265625 0.0322265625 0.017578125
4 0.92822265625 0.60986328125 0.0302734375 0.0166015625
4 0.93310546875 0.62451171875 0.0361328125 0.0185546875
4 0.93603515625 0.6396484375 0.0283203125 0.015625
4 0.93994140625 0.6533203125 0.0322265625 0.017578125
4 0.93994140625 0.66845703125 0.0283203125 0.0146484375
4 0.9912109375 0.33837890625 0.017578125 0.0166015625
4 0.9912109375 0.357421875 0.017578125 0.015625
4 0.99365234375 0.37548828125 0.0126953125 0.0166015625
4 0.99609375 0.39306640625 0.0078125 0.0146484375
4 0.9970703125 0.41064453125 0.005859375 0.0146484375
4 0.99560546875 0.5771484375 0.0087890625 0.015625
4 0.9970703125 0.59619140625 0.005859375 0.0126953125
4 0.1630859375 0.8193359375 0.03125 0.017578125
4 0.13720703125 0.83740234375 0.0302734375 0.0166015625
4 0.1298828125 0.94189453125 0.017578125 0.0380859375
4 0.98046875 0.86865234375 0.03125 0.0185546875
4 0.9853515625 0.88330078125 0.029296875 0.0185546875
4 0.9853515625 0.900390625 0.029296875 0.01953125
4 0.98779296875 0.916015625 0.0244140625 0.017578125
4 0.99169921875 0.947265625 0.0166015625 0.015625
4 0.99365234375 0.96337890625 0.0126953125 0.0166015625
4 0.99658203125 0.97802734375 0.0068359375 0.0126953125
4 0.99658203125 0.99365234375 0.0068359375 0.0126953125
4 0.99609375 0.83154296875 0.0078125 0.0146484375
4 0.9765625 0.8525390625 0.033203125 0.01953125
4 0.96875 0.822265625 0.033203125 0.01953125
4 0.369140625 0.67236328125 0.02734375 0.0439453125
4 0.119140625 0.94580078125 0.017578125 0.0380859375
4 0.1103515625 0.94873046875 0.021484375 0.0400390625
4 0.26123046875 0.66552734375 0.0224609375 0.0341796875
4 0.2763671875 0.6611328125 0.01953125 0.029296875
4 0.29052734375 0.65576171875 0.0224609375 0.0361328125
4 0.30419921875 0.64990234375 0.0224609375 0.0341796875
4 0.3203125 0.64501953125 0.0234375 0.0341796875
4 0.3369140625 0.64208984375 0.017578125 0.0244140625
4 0.3486328125 0.63134765625 0.01953125 0.0322265625
4 0.36279296875 0.62890625 0.0205078125 0.03125
4 0.37890625 0.62646484375 0.017578125 0.0263671875
4 0.3916015625 0.619140625 0.01953125 0.03125
4 0.40478515625 0.6142578125 0.0185546875 0.02734375
4 0.4208984375 0.64208984375 0.03125 0.0517578125
4 0.404296875 0.658203125 0.02734375 0.04296875
4 0.3876953125 0.66552734375 0.025390625 0.0400390625
4 0.17041015625 0.8505859375 0.0263671875 0.015625
4 0.4775390625 0.83349609375 0.033203125 0.0556640625
4 0.4521484375 0.8408203125 0.0390625 0.068359375
4 0.42919921875 0.849609375 0.0361328125 0.056640625
4 0.4560546875 0.77685546875 0.0390625 0.0615234375
4 0.4326171875 0.77587890625 0.02734375 0.0439453125
4 0.41455078125 0.78369140625 0.0283203125 0.0439453125
4 0.392578125 0.78857421875 0.033203125 0.0537109375
4 0.373046875 0.79736328125 0.02734375 0.0458984375
4 0.35400390625 0.8056640625 0.0302734375 0.048828125
4 0.2724609375 0.83154296875 0.03125 0.0517578125
4 0.6328125 0.953125 0.041015625 0.021484375
4 0.46044921875 0.99169921875 0.0537109375 0.0166015625
4 0.29248046875 0.8251953125 0.0283203125 0.046875
4 0.3125 0.81982421875 0.029296875 0.0478515625
4 0.33251953125 0.81201171875 0.0322265625 0.0517578125
4 0.3974609375 0.85205078125 0.033203125 0.0498046875
4 0.07373046875 0.7734375 0.0244140625 0.01171875
4 0.08056640625 0.791015625 0.0244140625 0.015625
4 0.08251953125 0.80078125 0.0244140625 0.015625
4 0.08203125 0.8115234375 0.0234375 0.015625
4 0.08544921875 0.82080078125 0.0224609375 0.0146484375
4 0.08935546875 0.8310546875 0.0224609375 0.013671875
4 0.09228515625 0.849609375 0.0244140625 0.013671875
4 0.0947265625 0.859375 0.025390625 0.015625
4 0.09765625 0.86865234375 0.025390625 0.0146484375
4 0.10205078125 0.87841796875 0.0263671875 0.0146484375
4 0.10205078125 0.88916015625 0.0263671875 0.0146484375
4 0.10546875 0.8994140625 0.03125 0.017578125
4 0.17041015625 0.88623046875 0.0361328125 0.0205078125
4 0.15234375 0.88037109375 0.03125 0.0185546875
4 0.14404296875 0.87060546875 0.0283203125 0.0166015625
4 0.205078125 0.80078125 0.02734375 0.015625
4 0.2080078125 0.810546875 0.025390625 0.015625
4 0.21240234375 0.8193359375 0.0302734375 0.017578125
4 0.2890625 0.95068359375 0.01953125 0.0458984375
4 0.3759765625 0.86474609375 0.037109375 0.0654296875
4 0.35400390625 0.88037109375 0.0341796875 0.0556640625
4 0.32763671875 0.89208984375 0.0341796875 0.0634765625
4 0.298828125 0.8916015625 0.03515625 0.060546875
4 0.21826171875 0.8486328125 0.0302734375 0.017578125
4 0.2265625 0.8671875 0.033203125 0.01953125
4 0.26953125 0.95849609375 0.033203125 0.0576171875
4 0.21533203125 0.8291015625 0.0263671875 0.015625
4 0.2490234375 0.97900390625 0.029296875 0.0419921875
4 0.21630859375 0.9716796875 0.0380859375 0.056640625
4 0.1904296875 0.96826171875 0.013671875 0.0302734375
4 0.1767578125 0.927734375 0.017578125 0.033203125
4 0.1875 0.92626953125 0.017578125 0.0322265625
4 0.197265625 0.92041015625 0.01953125 0.0361328125
4 0.62890625 0.9326171875 0.05078125 0.02734375
4 0.63916015625 0.970703125 0.0419921875 0.0234375
4 0.92138671875 0.984375 0.0361328125 0.01953125
4 0.90673828125 0.93017578125 0.0341796875 0.0205078125
4 0.90380859375 0.91064453125 0.0380859375 0.0205078125
4 0.8974609375 0.8935546875 0.037109375 0.021484375
4 0.8955078125 0.87255859375 0.041015625 0.0224609375
4 0.85302734375 0.87890625 0.0322265625 0.01953125
4 0.84912109375 0.8642578125 0.0302734375 0.017578125
4 0.88818359375 0.85400390625 0.0302734375 0.0166015625
4 0.86181640625 0.83935546875 0.0712890625 0.0380859375
4 0.9287109375 0.9951171875 0.041015625 0.009765625
4 0.9169921875 0.966796875 0.03515625 0.01953125
4 0.58056640625 0.96728515625 0.0556640625 0.0283203125
4 0.912109375 0.9482421875 0.03515625 0.021484375
4 0.99462890625 0.81494140625 0.0107421875 0.0146484375
4 0.9736328125 0.80126953125 0.052734375 0.0302734375
4 0.88427734375 0.99560546875 0.0322265625 0.0087890625
4 0.88037109375 0.9853515625 0.0341796875 0.01953125
4 0.8759765625 0.9697265625 0.03125 0.017578125
4 0.8740234375 0.95361328125 0.033203125 0.0185546875
4 0.8662109375 0.93896484375 0.03515625 0.0205078125
4 0.865234375 0.92333984375 0.03125 0.0185546875
4 0.8603515625 0.90869140625 0.03125 0.0185546875
4 0.857421875 0.8935546875 0.033203125 0.01953125
4 0.64208984375 0.98876953125 0.0419921875 0.0224609375
4 0.58935546875 0.98828125 0.0458984375 0.0234375
4 0.7392578125 0.88720703125 0.05859375 0.0302734375
4 0.72900390625 0.91162109375 0.0419921875 0.0244140625
4 0.791015625 0.974609375 0.0390625 0.021484375
4 0.7939453125 0.990234375 0.037109375 0.01953125
4 0.74951171875 0.986328125 0.0361328125 0.021484375
4 0.77099609375 0.90087890625 0.0361328125 0.0205078125
4 0.7451171875 0.9658203125 0.041015625 0.0234375
4 0.787109375 0.95556640625 0.041015625 0.0224609375
4 0.77978515625 0.9375 0.0380859375 0.0234375
4 0.73828125 0.9482421875 0.04296875 0.025390625
4 0.73388671875 0.93017578125 0.0419921875 0.0244140625
4 0.775390625 0.919921875 0.037109375 0.021484375
5 0.54345703125 0.65576171875 0.1591796875 0.3525390625
