12 0.7646484375 0.1806640625 0.1484375 0.22265625
10 0.060546875 0.5 0.119140625 0.29296875
10 0.04638671875 0.94921875 0.0908203125 0.1015625
10 0.47021484375 0.9072265625 0.2080078125 0.185546875
8 0.677734375 0.4619140625 0.1171875 0.1875
8 0.810546875 0.4384765625 0.111328125 0.1875
0 0.92529296875 0.0205078125 0.0400390625 0.021484375
0 0.93115234375 0.05615234375 0.0400390625 0.0205078125
0 0.87890625 0.1201171875 0.0234375 0.0390625
0 0.9443359375 0.12890625 0.041015625 0.021484375
0 0.9404296875 0.09375 0.037109375 0.01953125
0 0.95751953125 0.185546875 0.0322265625 0.015625
0 0.9599609375 0.244140625 0.037109375 0.021484375
0 0.873046875 0.24658203125 0.01953125 0.0400390625
0 0.92724609375 0.03955078125 0.0361328125 0.0224609375
0 0.84619140625 0.091796875 0.0224609375 0.03515625
0 0.9375 0.07177734375 0.04296875 0.0244140625
0 0.46484375 0.0126953125 0.03515625 0.0234375
0 0.466796875 0.029296875 0.03515625 0.021484375
0 0.55810546875 0.01513671875 0.0419921875 0.0263671875
0 0.94970703125 0.15185546875 0.0361328125 0.0263671875
0 0.9599609375 0.203125 0.037109375 0.0234375
12 0.642578125 0.20263671875 0.150390625 0.2275390625
