2 0.3349609375 0.705078125 0.150390625 0.173828125
2 0.7880859375 0.8681640625 0.111328125 0.146484375
2 0.75830078125 0.9697265625 0.2021484375 0.060546875
2 0.93603515625 0.20654296875 0.1220703125 0.1240234375
2 0.20263671875 0.43310546875 0.0927734375 0.0986328125
2 0.22021484375 0.74462890625 0.1357421875 0.1396484375
2 0.29638671875 0.5625 0.2333984375 0.25390625
2 0.3740234375 0.443359375 0.275390625 0.296875
2 0.435546875 0.18115234375 0.162109375 0.1591796875
2 0.50390625 0.26025390625 0.1484375 0.1298828125
2 0.59619140625 0.197265625 0.2314453125 0.234375
2 0.958984375 0.13916015625 0.08203125 0.2373046875
2 0.8212890625 0.1640625 0.2421875 0.2421875
