11 0.259765625 0.15087890625 0.0703125 0.0732421875
5 0.8017578125 0.69970703125 0.115234375 0.1826171875
5 0.7568359375 0.57666015625 0.138671875 0.1240234375
5 0.7275390625 0.40625 0.224609375 0.1640625
5 0.677734375 0.255859375 0.228515625 0.158203125
5 0.62939453125 0.12109375 0.2255859375 0.1484375
9 0.44921875 0.25390625 0.048828125 0.03515625
8 0.34912109375 0.23876953125 0.0654296875 0.0927734375
5 0.51708984375 0.05078125 0.2822265625 0.099609375
4 0.63037109375 0.017578125 0.0400390625 0.02734375
4 0.68896484375 0.44921875 0.0244140625 0.04296875
4 0.833984375 0.787109375 0.052734375 0.03515625
4 0.8076171875 0.70751953125 0.052734375 0.0341796875
4 0.79296875 0.66650390625 0.052734375 0.0341796875
4 0.78564453125 0.64697265625 0.0498046875 0.0322265625
4 0.77197265625 0.59326171875 0.0830078125 0.0498046875
4 0.8125 0.54248046875 0.02734375 0.0458984375
4 0.77197265625 0.5478515625 0.0263671875 0.04296875
4 0.728515625 0.56396484375 0.03125 0.0478515625
4 0.7314453125 0.375 0.025390625 0.0390625
4 0.7001953125 0.3876953125 0.02734375 0.041015625
4 0.6640625 0.4013671875 0.01953125 0.033203125
4 0.6494140625 0.40478515625 0.025390625 0.0380859375
4 0.634765625 0.40869140625 0.01953125 0.0283203125
4 0.65380859375 0.45849609375 0.0205078125 0.0302734375
4 0.67138671875 0.45556640625 0.0283203125 0.0478515625
4 0.70751953125 0.44091796875 0.0283203125 0.0498046875
4 0.72900390625 0.431640625 0.0302734375 0.048828125
4 0.615234375 0.1513671875 0.0234375 0.037109375
4 0.5869140625 0.16162109375 0.021484375 0.0322265625
4 0.57080078125 0.1640625 0.0244140625 0.037109375
4 0.54345703125 0.1767578125 0.0185546875 0.02734375
4 0.5576171875 0.125 0.025390625 0.03515625
4 0.54150390625 0.12939453125 0.0205078125 0.0322265625
4 0.5283203125 0.1376953125 0.015625 0.021484375
4 0.41650390625 0.0517578125 0.0400390625 0.06640625
4 0.43798828125 0.04052734375 0.0322265625 0.0478515625
4 0.48583984375 0.0283203125 0.0341796875 0.0546875
4 0.5322265625 0.02001953125 0.029296875 0.0380859375
4 0.43994140625 0.08984375 0.0244140625 0.017578125
4 0.50927734375 0.0625 0.0283203125 0.01953125
4 0.5546875 0.04736328125 0.041015625 0.0244140625
4 0.552734375 0.00927734375 0.01953125 0.0166015625
4 0.60498046875 0.00634765625 0.0205078125 0.0107421875
4 0.62890625 0.14306640625 0.021484375 0.0341796875
4 0.64208984375 0.13818359375 0.0205078125 0.0322265625
4 0.671875 0.12744140625 0.025390625 0.0380859375
4 0.68408203125 0.22509765625 0.0224609375 0.0322265625
4 0.80224609375 0.43310546875 0.0556640625 0.0322265625
4 0.7939453125 0.36865234375 0.04296875 0.0283203125
4 0.78515625 0.3466796875 0.052734375 0.03125
4 0.740234375 0.201171875 0.0625 0.0390625
4 0.76025390625 0.248046875 0.0634765625 0.037109375
4 0.70166015625 0.26904296875 0.0244140625 0.0380859375
4 0.578125 0.2626953125 0.013671875 0.01953125
4 0.59765625 0.31591796875 0.013671875 0.0244140625
4 0.66943359375 0.23046875 0.0244140625 0.037109375
4 0.7109375 0.1103515625 0.0546875 0.033203125
4 0.623046875 0.24755859375 0.025390625 0.0380859375
4 0.59033203125 0.11181640625 0.0244140625 0.0361328125
4 0.60693359375 0.10595703125 0.0224609375 0.0341796875
4 0.64013671875 0.0927734375 0.0244140625 0.03515625
4 0.658203125 0.0869140625 0.01953125 0.025390625
4 0.68798828125 0.0498046875 0.0458984375 0.029296875
4 0.69921875 0.068359375 0.0546875 0.033203125
4 0.70458984375 0.0888671875 0.0478515625 0.033203125
