4 0.0693359375 0.68408203125 0.033203125 0.0517578125
4 0.04833984375 0.689453125 0.0341796875 0.056640625
4 0.0654296875 0.615234375 0.033203125 0.05078125
4 0.04931640625 0.62353515625 0.0302734375 0.0458984375
4 0.01220703125 0.63671875 0.0224609375 0.044921875
4 0.0166015625 0.4853515625 0.03125 0.0546875
4 0.0244140625 0.44091796875 0.048828125 0.0849609375
4 0.02685546875 0.70263671875 0.0380859375 0.0595703125
4 0.01220703125 0.70947265625 0.0224609375 0.0615234375
4 0.087890625 0.671875 0.03125 0.05078125
4 0.10009765625 0.6328125 0.0498046875 0.083984375
4 0.15673828125 0.85986328125 0.0361328125 0.0263671875
5 0.76953125 0.7451171875 0.1015625 0.509765625
5 0.78466796875 0.34130859375 0.0849609375 0.2978515625
5 0.91943359375 0.14013671875 0.1279296875 0.0185546875
5 0.10205078125 0.95703125 0.2021484375 0.0859375
5 0.0869140625 0.84912109375 0.171875 0.1279296875
5 0.0576171875 0.66162109375 0.11328125 0.1533203125
4 0.1689453125 0.814453125 0.041015625 0.068359375
4 0.09130859375 0.884765625 0.0400390625 0.02734375
4 0.7783203125 0.03759765625 0.01171875 0.0263671875
4 0.7783203125 0.3828125 0.0625 0.021484375
4 0.76025390625 0.0380859375 0.0146484375 0.033203125
4 0.7607421875 0.0751953125 0.009765625 0.025390625
4 0.798828125 0.07080078125 0.009765625 0.0283203125
4 0.7802734375 0.07763671875 0.009765625 0.0283203125
4 0.7763671875 0.21875 0.0625 0.029296875
4 0.7734375 0.24658203125 0.072265625 0.0263671875
4 0.77734375 0.27978515625 0.0625 0.0263671875
4 0.77490234375 0.33544921875 0.0634765625 0.0244140625
4 0.76220703125 0.5068359375 0.0751953125 0.03515625
4 0.76904296875 0.59814453125 0.0654296875 0.0224609375
4 0.77978515625 0.65576171875 0.0458984375 0.0166015625
4 0.76708984375 0.70458984375 0.0732421875 0.0283203125
4 0.77099609375 0.763671875 0.0634765625 0.021484375
4 0.76611328125 0.83984375 0.0576171875 0.01953125
4 0.76513671875 0.90576171875 0.0517578125 0.0205078125
4 0.75537109375 0.93359375 0.0771484375 0.025390625
4 0.76171875 0.99853515625 0.05859375 0.0029296875
4 0.1455078125 0.8173828125 0.03515625 0.056640625
4 0.01708984375 0.9873046875 0.0224609375 0.025390625
4 0.0048828125 0.990234375 0.0078125 0.01953125
4 0.0185546875 0.91455078125 0.03515625 0.0244140625
4 0.01220703125 0.86376953125 0.0224609375 0.0419921875
4 0.05712890625 0.84619140625 0.0380859375 0.0654296875
4 0.083984375 0.84130859375 0.03515625 0.0576171875
4 0.10400390625 0.83251953125 0.0380859375 0.0595703125
4 0.1240234375 0.82421875 0.037109375 0.0625
4 0.0849609375 0.99658203125 0.01171875 0.0068359375
4 0.099609375 0.99462890625 0.013671875 0.0107421875
4 0.130859375 0.98779296875 0.021484375 0.0244140625
4 0.171875 0.9775390625 0.0546875 0.033203125
4 0.05126953125 0.97900390625 0.0244140625 0.0361328125
4 0.06787109375 0.97314453125 0.0224609375 0.0341796875
4 0.10107421875 0.9599609375 0.0244140625 0.03515625
4 0.119140625 0.9541015625 0.01953125 0.025390625
4 0.14892578125 0.9169921875 0.0458984375 0.029296875
4 0.16015625 0.935546875 0.0546875 0.033203125
4 0.16552734375 0.9560546875 0.0478515625 0.033203125
