4 0.46630859375 0.54736328125 0.0185546875 0.0380859375
4 0.2275390625 0.46337890625 0.015625 0.0419921875
4 0.20068359375 0.33740234375 0.0166015625 0.0419921875
4 0.181640625 0.33935546875 0.015625 0.0439453125
4 0.16455078125 0.34375 0.0146484375 0.044921875
4 0.1787109375 0.287109375 0.015625 0.041015625
4 0.16064453125 0.29150390625 0.0166015625 0.0419921875
4 0.14111328125 0.29150390625 0.0185546875 0.0439453125
4 0.17333984375 0.46142578125 0.0166015625 0.0400390625
4 0.19140625 0.462890625 0.015625 0.037109375
4 0.20849609375 0.4638671875 0.0146484375 0.0390625
4 0.24462890625 0.45751953125 0.0166015625 0.0380859375
4 0.29931640625 0.45556640625 0.0166015625 0.0439453125
4 0.2626953125 0.45556640625 0.015625 0.0400390625
4 0.15771484375 0.52197265625 0.0185546875 0.0361328125
4 0.177734375 0.52001953125 0.017578125 0.0400390625
4 0.19482421875 0.5185546875 0.0166015625 0.0390625
4 0.21337890625 0.5166015625 0.0166015625 0.037109375
4 0.2314453125 0.5146484375 0.013671875 0.037109375
4 0.25 0.51123046875 0.017578125 0.0419921875
4 0.267578125 0.51123046875 0.017578125 0.0439453125
4 0.28564453125 0.51025390625 0.0166015625 0.0419921875
4 0.19580078125 0.28759765625 0.0166015625 0.0439453125
4 0.2138671875 0.287109375 0.017578125 0.044921875
4 0.23193359375 0.28466796875 0.0166015625 0.0419921875
4 0.25048828125 0.28271484375 0.0166015625 0.0380859375
4 0.13330078125 0.1279296875 0.0224609375 0.01171875
4 0.119140625 0.0986328125 0.01171875 0.029296875
4 0.16748046875 0.1162109375 0.0166015625 0.03515625
4 0.18701171875 0.109375 0.0185546875 0.044921875
4 0.20654296875 0.10791015625 0.0185546875 0.0458984375
4 0.2265625 0.10546875 0.015625 0.044921875
4 0.24755859375 0.10546875 0.0166015625 0.041015625
4 0.345703125 0.2939453125 0.01953125 0.076171875
4 0.32666015625 0.328125 0.0166015625 0.037109375
4 0.30908203125 0.32763671875 0.0166015625 0.0380859375
4 0.28955078125 0.3310546875 0.0166015625 0.046875
4 0.2724609375 0.3330078125 0.013671875 0.04296875
4 0.2548828125 0.3369140625 0.015625 0.0390625
4 0.23828125 0.3369140625 0.015625 0.044921875
4 0.21728515625 0.337890625 0.0166015625 0.046875
4 0.3232421875 0.27880859375 0.013671875 0.0419921875
4 0.3046875 0.27685546875 0.015625 0.0400390625
4 0.2861328125 0.27783203125 0.015625 0.0380859375
4 0.2685546875 0.27978515625 0.017578125 0.0478515625
4 0.28271484375 0.45703125 0.0166015625 0.044921875
4 0.3037109375 0.50732421875 0.015625 0.0361328125
4 0.14990234375 0.16845703125 0.0166015625 0.0458984375
4 0.41259765625 0.9130859375 0.0419921875 0.12890625
4 0.2431640625 0.62060546875 0.013671875 0.0361328125
4 0.22802734375 0.623046875 0.0146484375 0.033203125
4 0.2109375 0.62548828125 0.013671875 0.0341796875
4 0.1962890625 0.6259765625 0.013671875 0.033203125
4 0.18359375 0.62890625 0.01171875 0.029296875
4 0.2880859375 0.76123046875 0.013671875 0.0302734375
4 0.30419921875 0.76025390625 0.0146484375 0.0419921875
4 0.32421875 0.759765625 0.017578125 0.037109375
4 0.36181640625 0.7568359375 0.0146484375 0.04296875
4 0.673828125 0.775390625 0.017578125 0.0390625
4 0.32275390625 0.5078125 0.0166015625 0.044921875
4 0.68603515625 0.76611328125 0.0126953125 0.0283203125
4 0.70947265625 0.76513671875 0.0107421875 0.0263671875
4 0.7236328125 0.76220703125 0.0078125 0.0244140625
4 0.73681640625 0.76220703125 0.0107421875 0.0302734375
4 0.78076171875 0.76171875 0.0146484375 0.03125
4 0.7607421875 0.7255859375 0.01171875 0.02734375
4 0.748046875 0.72705078125 0.01171875 0.0263671875
4 0.734375 0.72802734375 0.01171875 0.0283203125
4 0.72119140625 0.72802734375 0.0107421875 0.0263671875
4 0.2578125 0.62158203125 0.013671875 0.0302734375
4 0.2724609375 0.61865234375 0.013671875 0.0341796875
4 0.2880859375 0.61767578125 0.015625 0.0380859375
4 0.3037109375 0.6162109375 0.013671875 0.037109375
4 0.33984375 0.50537109375 0.015625 0.0380859375
4 0.31689453125 0.455078125 0.0146484375 0.037109375
4 0.3359375 0.45263671875 0.015625 0.0419921875
4 0.35400390625 0.44482421875 0.0166015625 0.0400390625
4 0.36865234375 0.61279296875 0.0146484375 0.0419921875
4 0.37109375 0.65673828125 0.013671875 0.0380859375
4 0.3525390625 0.65625 0.013671875 0.041015625
4 0.33837890625 0.658203125 0.0166015625 0.0390625
4 0.3232421875 0.65673828125 0.01171875 0.0302734375
4 0.3076171875 0.6591796875 0.013671875 0.033203125
4 0.29296875 0.6611328125 0.013671875 0.033203125
4 0.27783203125 0.66357421875 0.0166015625 0.0361328125
4 0.26123046875 0.662109375 0.0146484375 0.03515625
4 0.24560546875 0.66552734375 0.0166015625 0.0400390625
4 0.23046875 0.6650390625 0.013671875 0.03125
4 0.21484375 0.66650390625 0.01171875 0.0283203125
4 0.35107421875 0.61376953125 0.0146484375 0.0341796875
4 0.333984375 0.6142578125 0.013671875 0.03515625
4 0.3203125 0.61328125 0.01171875 0.029296875
4 0.130859375 0.1728515625 0.017578125 0.048828125
4 0.171875 0.162109375 0.013671875 0.041015625
5 0.5693359375 0.04150390625 0.2265625 0.0810546875
5 0.22412109375 0.13330078125 0.2099609375 0.1123046875
5 0.60498046875 0.16259765625 0.2138671875 0.0908203125
5 0.23583984375 0.3095703125 0.2158203125 0.1171875
5 0.6181640625 0.28955078125 0.216796875 0.0908203125
5 0.6376953125 0.41845703125 0.236328125 0.0947265625
5 0.248046875 0.48486328125 0.216796875 0.1181640625
5 0.6533203125 0.54150390625 0.248046875 0.0927734375
5 0.2626953125 0.64111328125 0.208984375 0.0947265625
5 0.66748046875 0.646484375 0.2626953125 0.087890625
5 0.685546875 0.75830078125 0.27734375 0.1044921875
5 0.76513671875 0.83837890625 0.1416015625 0.0302734375
5 0.3291015625 0.76220703125 0.09765625 0.0576171875
4 0.19091796875 0.162109375 0.0146484375 0.03515625
4 0.330078125 0.10498046875 0.02734375 0.0556640625
4 0.3076171875 0.09619140625 0.017578125 0.0458984375
4 0.28759765625 0.1015625 0.0146484375 0.04296875
4 0.26806640625 0.1015625 0.0166015625 0.046875
4 0.2919921875 0.15478515625 0.017578125 0.0439453125
4 0.3115234375 0.1552734375 0.015625 0.0390625
4 0.25146484375 0.15673828125 0.0146484375 0.0419921875
4 0.23095703125 0.1591796875 0.0166015625 0.0390625
4 0.21044921875 0.1650390625 0.0166015625 0.046875
4 0.111328125 0.0126953125 0.0078125 0.0234375
4 0.12353515625 0.00830078125 0.0126953125 0.0146484375
4 0.7080078125 0.7294921875 0.01171875 0.025390625
4 0.681640625 0.73193359375 0.01171875 0.0244140625
4 0.69580078125 0.73095703125 0.0126953125 0.0283203125
4 0.6572265625 0.1796875 0.01171875 0.029296875
4 0.52880859375 0.142578125 0.0126953125 0.0390625
4 0.5439453125 0.1455078125 0.013671875 0.03125
4 0.56103515625 0.14404296875 0.0126953125 0.0322265625
4 0.576171875 0.142578125 0.01171875 0.033203125
4 0.5927734375 0.1396484375 0.01171875 0.037109375
4 0.6064453125 0.14013671875 0.013671875 0.0322265625
4 0.62255859375 0.142578125 0.0126953125 0.029296875
4 0.6376953125 0.138671875 0.01171875 0.033203125
4 0.65283203125 0.138671875 0.0126953125 0.033203125
4 0.67138671875 0.1806640625 0.0126953125 0.03125
4 0.50634765625 0.06005859375 0.0107421875 0.0283203125
4 0.6416015625 0.1806640625 0.013671875 0.033203125
4 0.62548828125 0.18017578125 0.0146484375 0.0322265625
4 0.60888671875 0.181640625 0.0126953125 0.037109375
4 0.6162109375 0.05322265625 0.013671875 0.0400390625
4 0.630859375 0.0517578125 0.01171875 0.03125
4 0.646484375 0.05126953125 0.01171875 0.0341796875
4 0.58544921875 0.0546875 0.0146484375 0.041015625
4 0.56787109375 0.05908203125 0.0107421875 0.0224609375
4 0.5400390625 0.05859375 0.013671875 0.037109375
4 0.513671875 0.1455078125 0.013671875 0.03515625
4 0.51708984375 0.1884765625 0.0126953125 0.037109375
4 0.53369140625 0.18603515625 0.0126953125 0.0322265625
4 0.546875 0.1845703125 0.01171875 0.033203125
4 0.60498046875 0.3115234375 0.0146484375 0.033203125
4 0.5888671875 0.3125 0.01171875 0.03515625
4 0.57373046875 0.31103515625 0.0126953125 0.0302734375
4 0.55908203125 0.3173828125 0.0126953125 0.037109375
4 0.64794921875 0.265625 0.0126953125 0.03515625
4 0.662109375 0.26611328125 0.015625 0.0341796875
4 0.6328125 0.265625 0.015625 0.037109375
4 0.6162109375 0.26708984375 0.015625 0.0380859375
4 0.6025390625 0.27099609375 0.013671875 0.0322265625
4 0.58642578125 0.2724609375 0.0126953125 0.03125
4 0.5703125 0.2734375 0.013671875 0.033203125
4 0.5546875 0.27392578125 0.01171875 0.0322265625
4 0.5390625 0.27587890625 0.013671875 0.0322265625
4 0.52490234375 0.27587890625 0.0146484375 0.0361328125
4 0.54296875 0.31640625 0.013671875 0.033203125
4 0.52734375 0.318359375 0.01171875 0.0390625
4 0.56298828125 0.185546875 0.0146484375 0.037109375
4 0.5947265625 0.1826171875 0.013671875 0.033203125
4 0.5791015625 0.18310546875 0.015625 0.0341796875
4 0.5234375 0.05810546875 0.01171875 0.0302734375
4 0.474609375 0.06494140625 0.013671875 0.0380859375
4 0.66748046875 0.73291015625 0.0107421875 0.0244140625
4 0.47216796875 0.02197265625 0.0166015625 0.0341796875
4 0.4892578125 0.0166015625 0.01171875 0.03125
4 0.50439453125 0.017578125 0.0126953125 0.03515625
4 0.51904296875 0.01708984375 0.0146484375 0.0322265625
4 0.53515625 0.01611328125 0.013671875 0.0302734375
4 0.55126953125 0.015625 0.0107421875 0.02734375
4 0.5654296875 0.01708984375 0.01171875 0.0302734375
4 0.58203125 0.015625 0.013671875 0.029296875
4 0.5966796875 0.01171875 0.01171875 0.021484375
4 0.61279296875 0.0146484375 0.0146484375 0.02734375
4 0.6279296875 0.013671875 0.013671875 0.025390625
4 0.6435546875 0.01318359375 0.013671875 0.0244140625
4 0.619140625 0.30810546875 0.01171875 0.0302734375
4 0.634765625 0.310546875 0.013671875 0.03515625
4 0.65087890625 0.30810546875 0.0107421875 0.0322265625
4 0.56689453125 0.6728515625 0.0126953125 0.02734375
4 0.5771484375 0.63671875 0.009765625 0.025390625
4 0.58935546875 0.63427734375 0.0126953125 0.0283203125
4 0.603515625 0.6318359375 0.009765625 0.029296875
4 0.61767578125 0.6328125 0.0107421875 0.02734375
4 0.63134765625 0.63232421875 0.0107421875 0.0263671875
4 0.6435546875 0.630859375 0.01171875 0.025390625
4 0.65771484375 0.62939453125 0.0107421875 0.0302734375
4 0.67041015625 0.62890625 0.0126953125 0.02734375
4 0.68359375 0.62841796875 0.01171875 0.0283203125
4 0.69873046875 0.6630859375 0.0107421875 0.02734375
4 0.67236328125 0.39453125 0.0146484375 0.033203125
4 0.7138671875 0.66015625 0.01171875 0.029296875
4 0.7265625 0.65966796875 0.009765625 0.0244140625
4 0.74267578125 0.65966796875 0.0107421875 0.0263671875
4 0.755859375 0.66064453125 0.009765625 0.0283203125
4 0.69775390625 0.6279296875 0.0107421875 0.02734375
4 0.7109375 0.62841796875 0.01171875 0.0224609375
4 0.7236328125 0.625 0.01171875 0.029296875
4 0.73974609375 0.62451171875 0.0126953125 0.0283203125
4 0.7177734375 0.55908203125 0.01171875 0.0283203125
4 0.56396484375 0.63720703125 0.0107421875 0.0244140625
4 0.5498046875 0.63720703125 0.009765625 0.0263671875
4 0.68603515625 0.6630859375 0.0107421875 0.025390625
4 0.67333984375 0.66455078125 0.0107421875 0.0244140625
4 0.6552734375 0.77978515625 0.017578125 0.0419921875
4 0.63818359375 0.78125 0.0166015625 0.044921875
4 0.6201171875 0.7822265625 0.013671875 0.033203125
4 0.65478515625 0.7333984375 0.0126953125 0.02734375
4 0.64111328125 0.734375 0.0107421875 0.029296875
4 0.62646484375 0.7353515625 0.0126953125 0.029296875
4 0.61181640625 0.7353515625 0.0126953125 0.03125
4 0.5986328125 0.7373046875 0.009765625 0.029296875
4 0.5859375 0.73779296875 0.01171875 0.0302734375
4 0.57080078125 0.7392578125 0.0126953125 0.029296875
4 0.5830078125 0.78369140625 0.017578125 0.0439453125
4 0.56494140625 0.7861328125 0.0146484375 0.0390625
4 0.55810546875 0.74072265625 0.0107421875 0.0302734375
4 0.55419921875 0.67431640625 0.0126953125 0.0302734375
4 0.57958984375 0.67138671875 0.0107421875 0.0263671875
4 0.5927734375 0.6708984375 0.009765625 0.025390625
4 0.6064453125 0.66748046875 0.009765625 0.0244140625
4 0.62060546875 0.6669921875 0.0107421875 0.029296875
4 0.66015625 0.66455078125 0.01171875 0.0302734375
4 0.70458984375 0.55859375 0.0107421875 0.025390625
4 0.69140625 0.5625 0.01171875 0.03125
4 0.67724609375 0.56005859375 0.0107421875 0.0283203125
4 0.6923828125 0.43701171875 0.013671875 0.0302734375
4 0.66162109375 0.4345703125 0.0126953125 0.033203125
4 0.64501953125 0.43896484375 0.0146484375 0.0341796875
4 0.62890625 0.43994140625 0.01171875 0.0361328125
4 0.6142578125 0.44189453125 0.015625 0.0341796875
4 0.59912109375 0.44287109375 0.0107421875 0.0322265625
4 0.58349609375 0.4404296875 0.0126953125 0.029296875
4 0.5693359375 0.443359375 0.01171875 0.03125
4 0.552734375 0.44677734375 0.015625 0.0361328125
4 0.5361328125 0.447265625 0.013671875 0.03125
4 0.51513671875 0.43115234375 0.0244140625 0.0771484375
4 0.53466796875 0.40478515625 0.0126953125 0.0322265625
4 0.548828125 0.40087890625 0.015625 0.0380859375
4 0.56494140625 0.40087890625 0.0146484375 0.0322265625
4 0.57958984375 0.40087890625 0.0166015625 0.0361328125
4 0.59619140625 0.39892578125 0.0126953125 0.0322265625
4 0.6123046875 0.39892578125 0.01171875 0.0341796875
4 0.6259765625 0.39892578125 0.013671875 0.0322265625
4 0.642578125 0.3974609375 0.015625 0.033203125
4 0.6572265625 0.39453125 0.013671875 0.033203125
4 0.6767578125 0.43603515625 0.013671875 0.0361328125
4 0.7138671875 0.51904296875 0.013671875 0.0341796875
4 0.6650390625 0.5625 0.01171875 0.029296875
4 0.697265625 0.52001953125 0.01171875 0.0322265625
4 0.6513671875 0.5615234375 0.009765625 0.029296875
4 0.6376953125 0.5625 0.009765625 0.02734375
4 0.62451171875 0.56298828125 0.0107421875 0.0302734375
4 0.611328125 0.56689453125 0.01171875 0.0302734375
4 0.59765625 0.5673828125 0.01171875 0.029296875
4 0.583984375 0.568359375 0.01171875 0.03125
4 0.5712890625 0.5703125 0.009765625 0.029296875
4 0.55908203125 0.5703125 0.0107421875 0.029296875
4 0.544921875 0.572265625 0.009765625 0.025390625
4 0.54296875 0.5322265625 0.01171875 0.033203125
4 0.55810546875 0.53076171875 0.0126953125 0.0361328125
4 0.57373046875 0.53125 0.0107421875 0.03125
4 0.59130859375 0.529296875 0.0107421875 0.029296875
4 0.60498046875 0.5283203125 0.0126953125 0.033203125
4 0.6220703125 0.52734375 0.01171875 0.03125
4 0.63623046875 0.52587890625 0.0126953125 0.0341796875
4 0.6513671875 0.52587890625 0.013671875 0.0322265625
4 0.666015625 0.5244140625 0.013671875 0.033203125
4 0.6826171875 0.525390625 0.013671875 0.033203125
