6 0.3154296875 0.25048828125 0.62890625 0.4990234375
12 0.0849609375 0.6884765625 0.16796875 0.125
12 0.23095703125 0.619140625 0.1943359375 0.15234375
12 0.4306640625 0.580078125 0.166015625 0.201171875
12 0.54150390625 0.52490234375 0.1669921875 0.2001953125
12 0.65185546875 0.47119140625 0.1669921875 0.2001953125
12 0.53125 0.69921875 0.201171875 0.16796875
12 0.5888671875 0.81884765625 0.19921875 0.1669921875
12 0.68603515625 0.62353515625 0.1982421875 0.1669921875
12 0.76708984375 0.4453125 0.1650390625 0.201171875
12 0.8720703125 0.39306640625 0.166015625 0.2021484375
