0 0.17138671875 0.16943359375 0.0341796875 0.0439453125
5 0.15625 0.8447265625 0.310546875 0.310546875
5 0.43798828125 0.927734375 0.2333984375 0.14453125
0 0.134765625 0.150390625 0.041015625 0.046875
0 0.98681640625 0.5849609375 0.0263671875 0.029296875
0 0.75830078125 0.44580078125 0.0419921875 0.0361328125
0 0.61181640625 0.44384765625 0.0458984375 0.0380859375
0 0.7021484375 0.5 0.0546875 0.044921875
0 0.62548828125 0.62646484375 0.0458984375 0.0380859375
0 0.6337890625 0.6064453125 0.046875 0.037109375
0 0.556640625 0.5322265625 0.04296875 0.03515625
0 0.53564453125 0.568359375 0.0380859375 0.03125
0 0.30078125 0.1689453125 0.048828125 0.041015625
4 0.42041015625 0.970703125 0.1162109375 0.05859375
4 0.45068359375 0.94873046875 0.1298828125 0.1005859375
4 0.24609375 0.81884765625 0.091796875 0.1298828125
4 0.17626953125 0.92822265625 0.0771484375 0.1064453125
4 0.2041015625 0.72607421875 0.08984375 0.0751953125
4 0.05224609375 0.96875 0.0830078125 0.0625
4 0.07763671875 0.94140625 0.0869140625 0.07421875
4 0.11767578125 0.86767578125 0.0908203125 0.0751953125
4 0.14404296875 0.83154296875 0.0771484375 0.0654296875
4 0.16796875 0.80126953125 0.083984375 0.0712890625
4 0.18798828125 0.7646484375 0.0869140625 0.072265625
4 0.03125 0.619140625 0.060546875 0.064453125
