4 0.095703125 0.01123046875 0.041015625 0.0205078125
4 0.0439453125 0.11669921875 0.03515625 0.0146484375
4 0.046875 0.08251953125 0.037109375 0.0146484375
4 0.04541015625 0.0625 0.0380859375 0.013671875
4 0.04833984375 0.02685546875 0.0361328125 0.0126953125
4 0.04736328125 0.009765625 0.0361328125 0.013671875
4 0.04443359375 0.13525390625 0.0361328125 0.0146484375
4 0.04345703125 0.1513671875 0.0361328125 0.013671875
4 0.02734375 0.60546875 0.052734375 0.021484375
4 0.03076171875 0.5751953125 0.0380859375 0.013671875
4 0.033203125 0.5595703125 0.041015625 0.015625
4 0.03564453125 0.54052734375 0.0361328125 0.0146484375
4 0.03564453125 0.52392578125 0.0419921875 0.0185546875
4 0.03662109375 0.50537109375 0.0419921875 0.0166015625
4 0.03466796875 0.48828125 0.0380859375 0.013671875
4 0.03515625 0.45263671875 0.03125 0.0126953125
4 0.03759765625 0.4365234375 0.0380859375 0.013671875
4 0.0390625 0.416015625 0.037109375 0.013671875
4 0.03857421875 0.3994140625 0.0380859375 0.015625
4 0.0390625 0.38134765625 0.03515625 0.0146484375
4 0.04052734375 0.36279296875 0.0361328125 0.0146484375
4 0.0400390625 0.3271484375 0.037109375 0.013671875
4 0.04150390625 0.27587890625 0.0380859375 0.0126953125
4 0.037109375 0.203125 0.037109375 0.015625
4 0.04150390625 0.185546875 0.0380859375 0.015625
4 0.0439453125 0.16748046875 0.033203125 0.0126953125
5 0.7890625 0.26611328125 0.146484375 0.5302734375
5 0.57763671875 0.2744140625 0.1201171875 0.546875
5 0.40185546875 0.29150390625 0.1142578125 0.5810546875
5 0.22998046875 0.28955078125 0.1123046875 0.5771484375
5 0.06298828125 0.3095703125 0.1044921875 0.6171875
4 0.0966796875 0.0283203125 0.03515625 0.015625
4 0.75048828125 0.572265625 0.0439453125 0.017578125
4 0.09765625 0.04833984375 0.033203125 0.0146484375
4 0.7958984375 0.28857421875 0.0234375 0.0634765625
4 0.796875 0.453125 0.02734375 0.052734375
4 0.7421875 0.509765625 0.048828125 0.017578125
4 0.74267578125 0.486328125 0.0537109375 0.017578125
4 0.74462890625 0.4619140625 0.0556640625 0.017578125
4 0.74560546875 0.43701171875 0.0556640625 0.0205078125
4 0.74755859375 0.39111328125 0.0498046875 0.0205078125
4 0.74853515625 0.3662109375 0.0576171875 0.01953125
4 0.7490234375 0.34033203125 0.056640625 0.0166015625
4 0.74853515625 0.3173828125 0.0556640625 0.021484375
4 0.7509765625 0.29345703125 0.05078125 0.0205078125
4 0.75146484375 0.25 0.0556640625 0.01953125
4 0.755859375 0.2275390625 0.046875 0.021484375
4 0.74951171875 0.20361328125 0.0517578125 0.0166015625
4 0.7509765625 0.18408203125 0.052734375 0.0185546875
4 0.75439453125 0.16162109375 0.0537109375 0.0185546875
4 0.75439453125 0.1416015625 0.0556640625 0.017578125
4 0.75634765625 0.10009765625 0.0556640625 0.0166015625
4 0.75537109375 0.056640625 0.0517578125 0.017578125
4 0.755859375 0.03515625 0.0546875 0.015625
4 0.755859375 0.01513671875 0.0546875 0.0166015625
4 0.76025390625 0.00244140625 0.0517578125 0.0029296875
4 0.79296875 0.37890625 0.01953125 0.0546875
4 0.81689453125 0.2412109375 0.0517578125 0.01953125
4 0.81689453125 0.2177734375 0.0478515625 0.01953125
4 0.91796875 0.06884765625 0.037109375 0.0556640625
4 0.82373046875 0.029296875 0.0595703125 0.017578125
4 0.82080078125 0.05029296875 0.0556640625 0.0166015625
4 0.8232421875 0.0712890625 0.052734375 0.017578125
4 0.81884765625 0.09130859375 0.0458984375 0.0185546875
4 0.82177734375 0.1123046875 0.0498046875 0.017578125
4 0.81884765625 0.13232421875 0.0478515625 0.0185546875
4 0.81396484375 0.15380859375 0.0439453125 0.0185546875
4 0.255859375 0.31982421875 0.041015625 0.0166015625
4 0.25634765625 0.28173828125 0.0439453125 0.0166015625
4 0.25634765625 0.2646484375 0.0419921875 0.017578125
4 0.25634765625 0.2470703125 0.0400390625 0.01953125
4 0.26025390625 0.228515625 0.0400390625 0.017578125
4 0.259765625 0.2099609375 0.033203125 0.013671875
4 0.26123046875 0.19384765625 0.0439453125 0.0185546875
4 0.26318359375 0.17724609375 0.0400390625 0.0185546875
4 0.26171875 0.14013671875 0.04296875 0.0185546875
4 0.26171875 0.123046875 0.04296875 0.017578125
4 0.26171875 0.10400390625 0.041015625 0.0146484375
4 0.259765625 0.08642578125 0.046875 0.0166015625
4 0.263671875 0.068359375 0.0390625 0.017578125
4 0.26416015625 0.0322265625 0.0400390625 0.015625
4 0.2646484375 0.0146484375 0.033203125 0.013671875
4 0.26611328125 0.0029296875 0.0361328125 0.00390625
4 0.19580078125 0.5478515625 0.0537109375 0.01953125
4 0.19921875 0.52734375 0.044921875 0.01953125
4 0.19775390625 0.5048828125 0.0400390625 0.015625
4 0.2587890625 0.29931640625 0.041015625 0.0166015625
4 0.2587890625 0.33544921875 0.0390625 0.0166015625
4 0.376953125 0.162109375 0.04296875 0.015625
4 0.25732421875 0.3525390625 0.0419921875 0.017578125
4 0.37841796875 0.1240234375 0.0400390625 0.013671875
4 0.37841796875 0.103515625 0.0380859375 0.013671875
4 0.3818359375 0.0849609375 0.041015625 0.017578125
4 0.3818359375 0.06494140625 0.04296875 0.0166015625
4 0.37890625 0.044921875 0.03515625 0.017578125
4 0.38037109375 0.02587890625 0.0380859375 0.0146484375
4 0.37939453125 0.0068359375 0.0361328125 0.01171875
4 0.32568359375 0.59765625 0.0419921875 0.015625
4 0.25048828125 0.548828125 0.0458984375 0.01953125
4 0.25146484375 0.5302734375 0.0419921875 0.015625
4 0.25390625 0.49560546875 0.041015625 0.0185546875
4 0.25390625 0.4775390625 0.044921875 0.013671875
4 0.25341796875 0.4599609375 0.0419921875 0.017578125
4 0.25390625 0.44091796875 0.041015625 0.0166015625
4 0.25341796875 0.42333984375 0.0400390625 0.0166015625
4 0.2548828125 0.40673828125 0.041015625 0.0166015625
4 0.25634765625 0.3876953125 0.0400390625 0.017578125
4 0.255859375 0.37158203125 0.041015625 0.0166015625
4 0.20068359375 0.482421875 0.0458984375 0.017578125
4 0.19970703125 0.4619140625 0.0458984375 0.017578125
4 0.2021484375 0.44091796875 0.046875 0.0166015625
4 0.20263671875 0.41943359375 0.0400390625 0.0185546875
4 0.08544921875 0.490234375 0.0380859375 0.013671875
4 0.08642578125 0.47412109375 0.0400390625 0.0166015625
4 0.0830078125 0.455078125 0.037109375 0.015625
4 0.08447265625 0.4375 0.0361328125 0.017578125
4 0.08349609375 0.41796875 0.0361328125 0.015625
4 0.0859375 0.400390625 0.037109375 0.013671875
4 0.08740234375 0.3671875 0.0361328125 0.013671875
4 0.08740234375 0.34814453125 0.0380859375 0.0166015625
4 0.0888671875 0.31396484375 0.04296875 0.0205078125
4 0.08935546875 0.294921875 0.0419921875 0.017578125
4 0.08984375 0.27685546875 0.03515625 0.0185546875
4 0.0908203125 0.25927734375 0.03515625 0.0146484375
4 0.09130859375 0.24169921875 0.0361328125 0.0146484375
4 0.091796875 0.22509765625 0.03515625 0.0166015625
4 0.09326171875 0.2060546875 0.0341796875 0.013671875
4 0.09375 0.18896484375 0.041015625 0.0146484375
4 0.09228515625 0.1708984375 0.0400390625 0.015625
4 0.09423828125 0.13525390625 0.0400390625 0.0166015625
4 0.0947265625 0.10009765625 0.03515625 0.0146484375
4 0.09619140625 0.08251953125 0.0380859375 0.0146484375
4 0.095703125 0.064453125 0.0390625 0.015625
4 0.083984375 0.5078125 0.0390625 0.013671875
4 0.0849609375 0.52587890625 0.041015625 0.0146484375
4 0.08447265625 0.54443359375 0.0400390625 0.0166015625
4 0.20751953125 0.13671875 0.0478515625 0.017578125
4 0.20263671875 0.37744140625 0.0419921875 0.0205078125
4 0.2060546875 0.33203125 0.04296875 0.01953125
4 0.203125 0.3115234375 0.04296875 0.021484375
4 0.203125 0.2734375 0.0390625 0.015625
4 0.20458984375 0.25341796875 0.0419921875 0.0166015625
4 0.2041015625 0.2353515625 0.03515625 0.013671875
4 0.2041015625 0.21484375 0.0390625 0.013671875
4 0.20751953125 0.1953125 0.0439453125 0.015625
4 0.208984375 0.17529296875 0.044921875 0.0185546875
4 0.208984375 0.1181640625 0.04296875 0.015625
4 0.08251953125 0.56201171875 0.0419921875 0.0146484375
4 0.21044921875 0.09765625 0.0400390625 0.015625
4 0.2109375 0.0791015625 0.04296875 0.017578125
4 0.21240234375 0.0595703125 0.0439453125 0.017578125
4 0.21142578125 0.03955078125 0.0439453125 0.0205078125
4 0.21240234375 0.005859375 0.0439453125 0.009765625
4 0.08251953125 0.60546875 0.0439453125 0.033203125
4 0.08251953125 0.57861328125 0.0341796875 0.0166015625
4 0.37890625 0.142578125 0.041015625 0.015625
4 0.3779296875 0.18212890625 0.033203125 0.0166015625
4 0.61181640625 0.00927734375 0.0498046875 0.0185546875
4 0.53955078125 0.52880859375 0.0439453125 0.0205078125
4 0.5419921875 0.486328125 0.04296875 0.017578125
4 0.54345703125 0.46728515625 0.0439453125 0.0166015625
4 0.54638671875 0.44921875 0.0419921875 0.01953125
4 0.5419921875 0.42919921875 0.041015625 0.0146484375
4 0.54638671875 0.3896484375 0.0419921875 0.017578125
4 0.54541015625 0.36962890625 0.0439453125 0.0166015625
4 0.54638671875 0.3515625 0.0458984375 0.013671875
4 0.546875 0.3310546875 0.044921875 0.017578125
4 0.5478515625 0.3134765625 0.046875 0.017578125
4 0.548828125 0.29296875 0.0390625 0.017578125
4 0.5478515625 0.27392578125 0.044921875 0.0185546875
4 0.546875 0.25390625 0.04296875 0.015625
4 0.54638671875 0.234375 0.0361328125 0.017578125
4 0.548828125 0.1767578125 0.0390625 0.015625
4 0.5498046875 0.13720703125 0.041015625 0.0166015625
4 0.5517578125 0.1181640625 0.04296875 0.015625
4 0.5498046875 0.09716796875 0.02734375 0.0107421875
4 0.60986328125 0.02880859375 0.0478515625 0.0146484375
4 0.37548828125 0.19921875 0.0419921875 0.015625
4 0.6083984375 0.048828125 0.04296875 0.015625
4 0.60009765625 0.54150390625 0.0537109375 0.0185546875
4 0.59814453125 0.5224609375 0.0400390625 0.01953125
4 0.599609375 0.5009765625 0.052734375 0.01953125
4 0.6025390625 0.48046875 0.048828125 0.015625
4 0.59912109375 0.455078125 0.0498046875 0.01953125
4 0.60205078125 0.40966796875 0.0458984375 0.0224609375
4 0.6025390625 0.38330078125 0.048828125 0.0166015625
4 0.6015625 0.36181640625 0.046875 0.0166015625
4 0.60400390625 0.33837890625 0.0498046875 0.0185546875
4 0.60107421875 0.29638671875 0.0517578125 0.0185546875
4 0.60302734375 0.275390625 0.0517578125 0.01953125
4 0.60302734375 0.25439453125 0.0537109375 0.0205078125
4 0.60546875 0.2353515625 0.044921875 0.017578125
4 0.60595703125 0.21337890625 0.0400390625 0.0146484375
4 0.6064453125 0.1923828125 0.052734375 0.017578125
4 0.60498046875 0.1728515625 0.0537109375 0.01953125
4 0.6083984375 0.15234375 0.048828125 0.017578125
4 0.6083984375 0.13134765625 0.04296875 0.0146484375
4 0.609375 0.11083984375 0.044921875 0.0166015625
4 0.60546875 0.09228515625 0.048828125 0.0205078125
4 0.60888671875 0.0703125 0.0478515625 0.01953125
4 0.55322265625 0.080078125 0.0419921875 0.015625
4 0.5537109375 0.04052734375 0.04296875 0.0166015625
4 0.55419921875 0.02001953125 0.0458984375 0.0146484375
4 0.55419921875 0.0048828125 0.0439453125 0.0078125
4 0.4345703125 0.06591796875 0.041015625 0.0166015625
4 0.43505859375 0.0078125 0.0478515625 0.015625
4 0.3681640625 0.57470703125 0.04296875 0.0166015625
4 0.3662109375 0.55322265625 0.041015625 0.0185546875
4 0.37158203125 0.53125 0.0400390625 0.015625
4 0.36962890625 0.51025390625 0.0439453125 0.0185546875
4 0.3701171875 0.48828125 0.04296875 0.017578125
4 0.36962890625 0.46630859375 0.0419921875 0.0146484375
4 0.369140625 0.44580078125 0.041015625 0.0166015625
4 0.37158203125 0.421875 0.0400390625 0.015625
4 0.37109375 0.38037109375 0.04296875 0.0185546875
4 0.3740234375 0.33740234375 0.041015625 0.0185546875
4 0.373046875 0.31640625 0.0390625 0.017578125
4 0.3740234375 0.29736328125 0.041015625 0.0146484375
4 0.3740234375 0.279296875 0.041015625 0.013671875
4 0.3740234375 0.2587890625 0.046875 0.017578125
4 0.3720703125 0.23974609375 0.04296875 0.0166015625
4 0.37548828125 0.21923828125 0.0380859375 0.0166015625
4 0.43115234375 0.0859375 0.0439453125 0.017578125
4 0.43408203125 0.1240234375 0.0439453125 0.015625
4 0.4345703125 0.142578125 0.04296875 0.015625
4 0.42431640625 0.40283203125 0.0478515625 0.0185546875
4 0.4228515625 0.5751953125 0.04296875 0.015625
4 0.42138671875 0.556640625 0.0439453125 0.017578125
4 0.4208984375 0.53271484375 0.041015625 0.0185546875
4 0.423828125 0.4912109375 0.046875 0.017578125
4 0.4267578125 0.46875 0.041015625 0.017578125
4 0.42529296875 0.42529296875 0.0478515625 0.0185546875
4 0.4267578125 0.38134765625 0.046875 0.0185546875
4 0.43359375 0.16259765625 0.044921875 0.0185546875
4 0.42724609375 0.3583984375 0.0419921875 0.015625
4 0.4296875 0.33837890625 0.04296875 0.0166015625
4 0.42578125 0.31787109375 0.04296875 0.0146484375
4 0.427734375 0.29833984375 0.0390625 0.0146484375
4 0.4267578125 0.2607421875 0.04296875 0.015625
4 0.4296875 0.24072265625 0.03515625 0.0166015625
4 0.43115234375 0.2216796875 0.0478515625 0.017578125
4 0.4287109375 0.2021484375 0.044921875 0.017578125
4 0.42919921875 0.181640625 0.0439453125 0.015625
