4 0.2724609375 0.37451171875 0.0625 0.0283203125
4 0.27490234375 0.40576171875 0.0478515625 0.0302734375
4 0.26953125 0.44287109375 0.0703125 0.0283203125
4 0.26611328125 0.478515625 0.0673828125 0.029296875
4 0.26025390625 0.50830078125 0.0595703125 0.0283203125
4 0.189453125 0.47216796875 0.0546875 0.0283203125
4 0.18310546875 0.5029296875 0.0634765625 0.029296875
4 0.18310546875 0.537109375 0.0615234375 0.029296875
4 0.2568359375 0.57568359375 0.064453125 0.0263671875
4 0.16748046875 0.66796875 0.0537109375 0.025390625
4 0.4443359375 0.2197265625 0.1328125 0.107421875
4 0.4990234375 0.19091796875 0.0703125 0.0556640625
4 0.42626953125 0.14697265625 0.0615234375 0.0517578125
4 0.53173828125 0.12939453125 0.0712890625 0.0595703125
4 0.548828125 0.09765625 0.064453125 0.052734375
4 0.19775390625 0.3662109375 0.0654296875 0.029296875
4 0.2216796875 0.32373046875 0.11328125 0.0439453125
4 0.041015625 0.26318359375 0.080078125 0.0400390625
4 0.0322265625 0.47705078125 0.0625 0.0263671875
4 0.0283203125 0.61962890625 0.0546875 0.0283203125
4 0.03076171875 0.58154296875 0.0595703125 0.0283203125
4 0.02978515625 0.54931640625 0.0576171875 0.0283203125
4 0.02587890625 0.5146484375 0.0498046875 0.025390625
4 0.04052734375 0.31103515625 0.0595703125 0.0263671875
4 0.0322265625 0.4453125 0.05859375 0.029296875
4 0.04296875 0.34375 0.056640625 0.029296875
4 0.5 0.02978515625 0.060546875 0.0498046875
5 0.02783203125 0.0341796875 0.0537109375 0.06640625
5 0.25634765625 0.0830078125 0.2275390625 0.1640625
5 0.50146484375 0.115234375 0.2275390625 0.228515625
5 0.2216796875 0.5107421875 0.166015625 0.345703125
5 0.03759765625 0.46923828125 0.0732421875 0.3857421875
4 0.56689453125 0.072265625 0.0673828125 0.052734375
4 0.48291015625 0.06982421875 0.0537109375 0.0498046875
0 0.23779296875 0.8759765625 0.0400390625 0.021484375
0 0.2939453125 0.88037109375 0.048828125 0.0283203125
0 0.34228515625 0.8837890625 0.0400390625 0.01953125
0 0.408203125 0.89111328125 0.041015625 0.0205078125
4 0.18408203125 0.13623046875 0.1201171875 0.0986328125
4 0.26123046875 0.12255859375 0.0595703125 0.0517578125
4 0.27734375 0.09375 0.064453125 0.052734375
4 0.294921875 0.0673828125 0.060546875 0.052734375
4 0.3095703125 0.03662109375 0.060546875 0.0498046875
4 0.205078125 0.0400390625 0.072265625 0.060546875
4 0.0166015625 0.03564453125 0.03125 0.0400390625
4 0.0263671875 0.009765625 0.0390625 0.017578125
