4 0.8427734375 0.5146484375 0.05859375 0.01953125
4 0.84423828125 0.44384765625 0.0537109375 0.0185546875
4 0.8408203125 0.41943359375 0.056640625 0.0205078125
4 0.8427734375 0.39404296875 0.0546875 0.0185546875
4 0.84375 0.37255859375 0.05859375 0.0205078125
4 0.84716796875 0.32861328125 0.0537109375 0.0205078125
4 0.845703125 0.2861328125 0.052734375 0.01953125
4 0.84814453125 0.265625 0.0517578125 0.015625
4 0.84912109375 0.2431640625 0.0517578125 0.017578125
4 0.849609375 0.22265625 0.052734375 0.01953125
4 0.85107421875 0.20166015625 0.0556640625 0.0185546875
4 0.84716796875 0.1787109375 0.0576171875 0.015625
4 0.8447265625 0.15966796875 0.046875 0.0166015625
4 0.85205078125 0.138671875 0.0595703125 0.017578125
4 0.84814453125 0.11767578125 0.0556640625 0.0166015625
4 0.8544921875 0.09716796875 0.0546875 0.0166015625
4 0.85400390625 0.076171875 0.0615234375 0.0234375
4 0.85107421875 0.0556640625 0.0537109375 0.01953125
4 0.8505859375 0.03564453125 0.0546875 0.0185546875
4 0.56640625 0.10986328125 0.041015625 0.0498046875
4 0.587890625 0.18798828125 0.060546875 0.0439453125
4 0.5986328125 0.16748046875 0.0625 0.0458984375
4 0.84521484375 0.46630859375 0.0537109375 0.0185546875
4 0.8466796875 0.5390625 0.05859375 0.01953125
4 0.63623046875 0.09130859375 0.0615234375 0.0419921875
4 0.84326171875 0.560546875 0.0576171875 0.017578125
4 0.7822265625 0.4892578125 0.037109375 0.013671875
4 0.78466796875 0.4697265625 0.0419921875 0.017578125
4 0.78076171875 0.40234375 0.0537109375 0.0234375
4 0.78076171875 0.38037109375 0.0517578125 0.0185546875
4 0.78076171875 0.3564453125 0.0595703125 0.0234375
4 0.78173828125 0.3330078125 0.0576171875 0.021484375
4 0.77978515625 0.3095703125 0.0595703125 0.021484375
4 0.77880859375 0.287109375 0.0498046875 0.017578125
4 0.78076171875 0.26513671875 0.0576171875 0.0224609375
4 0.775390625 0.24169921875 0.068359375 0.0205078125
4 0.78076171875 0.220703125 0.0556640625 0.021484375
4 0.7822265625 0.1982421875 0.052734375 0.017578125
4 0.78173828125 0.17578125 0.0615234375 0.0234375
4 0.7880859375 0.15625 0.048828125 0.017578125
4 0.79931640625 0.10009765625 0.0341796875 0.0107421875
4 0.7939453125 0.11572265625 0.04296875 0.0166015625
4 0.7880859375 0.13671875 0.056640625 0.017578125
4 0.845703125 0.59765625 0.0703125 0.0234375
4 0.62353515625 0.119140625 0.0595703125 0.0390625
4 0.6455078125 0.07177734375 0.056640625 0.0400390625
4 0.39111328125 0.03125 0.0517578125 0.03125
4 0.21728515625 0.1533203125 0.0498046875 0.025390625
4 0.22021484375 0.13232421875 0.0595703125 0.0302734375
4 0.22509765625 0.103515625 0.0478515625 0.021484375
4 0.2314453125 0.08349609375 0.05859375 0.0283203125
4 0.24267578125 0.0380859375 0.0537109375 0.02734375
4 0.25048828125 0.01416015625 0.0537109375 0.0263671875
4 0.40087890625 0.0126953125 0.0537109375 0.0234375
4 0.38623046875 0.0556640625 0.0498046875 0.03125
4 0.67236328125 0.02099609375 0.0478515625 0.0361328125
4 0.3759765625 0.09912109375 0.05078125 0.0302734375
4 0.283203125 0.19873046875 0.068359375 0.0283203125
4 0.1904296875 0.173828125 0.03515625 0.015625
4 0.228515625 0.1845703125 0.046875 0.025390625
4 0.33447265625 0.2099609375 0.0341796875 0.01953125
4 0.3681640625 0.21875 0.03515625 0.01953125
4 0.40966796875 0.21142578125 0.0517578125 0.0224609375
4 0.412109375 0.18994140625 0.041015625 0.0224609375
4 0.419921875 0.17138671875 0.044921875 0.0224609375
4 0.42431640625 0.1513671875 0.0458984375 0.0234375
4 0.43017578125 0.13232421875 0.0380859375 0.0224609375
4 0.43115234375 0.1103515625 0.0361328125 0.021484375
4 0.44140625 0.091796875 0.044921875 0.025390625
4 0.45654296875 0.04736328125 0.0537109375 0.0263671875
4 0.4599609375 0.0244140625 0.0546875 0.03125
4 0.34521484375 0.18798828125 0.0693359375 0.0283203125
4 0.35107421875 0.16650390625 0.0654296875 0.0302734375
4 0.3544921875 0.14306640625 0.072265625 0.0341796875
4 0.98974609375 0.00244140625 0.0205078125 0.0029296875
4 0.98828125 0.0166015625 0.0234375 0.017578125
4 0.83984375 0.3076171875 0.044921875 0.015625
4 0.990234375 0.03857421875 0.01953125 0.0146484375
4 0.9814453125 0.46630859375 0.037109375 0.0185546875
4 0.98486328125 0.44580078125 0.0302734375 0.0146484375
4 0.98388671875 0.42529296875 0.0322265625 0.0166015625
4 0.98486328125 0.40380859375 0.0302734375 0.0166015625
4 0.98486328125 0.3837890625 0.0302734375 0.015625
4 0.9833984375 0.36376953125 0.033203125 0.0205078125
4 0.9853515625 0.34423828125 0.029296875 0.0185546875
4 0.98486328125 0.3232421875 0.0302734375 0.017578125
4 0.98583984375 0.30322265625 0.0283203125 0.0166015625
4 0.98681640625 0.28271484375 0.0263671875 0.0146484375
4 0.98681640625 0.26171875 0.0263671875 0.01953125
4 0.98779296875 0.2421875 0.0244140625 0.015625
4 0.9873046875 0.220703125 0.025390625 0.01171875
4 0.98779296875 0.20166015625 0.0244140625 0.0146484375
4 0.98828125 0.1806640625 0.0234375 0.013671875
4 0.98583984375 0.16015625 0.0283203125 0.015625
4 0.98681640625 0.13916015625 0.0263671875 0.0185546875
4 0.98876953125 0.12060546875 0.0224609375 0.0166015625
4 0.98779296875 0.099609375 0.0244140625 0.015625
4 0.98828125 0.07763671875 0.0234375 0.0185546875
4 0.98876953125 0.0576171875 0.0224609375 0.013671875
4 0.98388671875 0.486328125 0.0322265625 0.013671875
4 0.9853515625 0.5068359375 0.029296875 0.013671875
4 0.98779296875 0.52587890625 0.0244140625 0.0146484375
4 0.98291015625 0.544921875 0.0341796875 0.013671875
4 0.9716796875 0.599609375 0.056640625 0.01953125
4 0.9794921875 0.564453125 0.041015625 0.015625
5 0.982421875 0.30224609375 0.03515625 0.6025390625
5 0.80908203125 0.30859375 0.1376953125 0.58984375
5 0.6533203125 0.466796875 0.189453125 0.283203125
5 0.63427734375 0.10546875 0.1787109375 0.208984375
5 0.40771484375 0.1103515625 0.1669921875 0.21875
5 0.22900390625 0.08544921875 0.1044921875 0.1689453125
4 0.6083984375 0.34912109375 0.0546875 0.0419921875
4 0.6064453125 0.3701171875 0.033203125 0.0234375
4 0.611328125 0.38671875 0.037109375 0.025390625
4 0.62060546875 0.40185546875 0.0361328125 0.0224609375
4 0.62841796875 0.41650390625 0.0361328125 0.0283203125
4 0.63720703125 0.43212890625 0.0322265625 0.0224609375
4 0.64404296875 0.4462890625 0.0361328125 0.02734375
4 0.65771484375 0.4775390625 0.0341796875 0.02734375
4 0.66748046875 0.4921875 0.0341796875 0.025390625
4 0.67333984375 0.50732421875 0.0341796875 0.0244140625
4 0.68212890625 0.52294921875 0.0361328125 0.0244140625
4 0.68896484375 0.5390625 0.0302734375 0.021484375
4 0.6962890625 0.55419921875 0.037109375 0.0283203125
4 0.705078125 0.57080078125 0.0390625 0.0283203125
4 0.650390625 0.5322265625 0.025390625 0.03515625
4 0.62548828125 0.48876953125 0.0263671875 0.0361328125
4 0.60302734375 0.439453125 0.0263671875 0.03125
4 0.5625 0.3779296875 0.021484375 0.025390625
4 0.1806640625 0.115234375 0.017578125 0.02734375
4 0.1884765625 0.08740234375 0.017578125 0.0263671875
4 0.19384765625 0.05859375 0.0205078125 0.033203125
