0 0.05029296875 0.572265625 0.0302734375 0.0390625
0 0.07958984375 0.5419921875 0.0322265625 0.0390625
0 0.01806640625 0.59033203125 0.0322265625 0.0361328125
0 0.05810546875 0.41259765625 0.0283203125 0.0400390625
0 0.0400390625 0.4208984375 0.029296875 0.037109375
0 0.02099609375 0.431640625 0.0302734375 0.0390625
0 0.84423828125 0.1611328125 0.0478515625 0.025390625
0 0.86572265625 0.2529296875 0.0419921875 0.01953125
4 0.29296875 0.72412109375 0.046875 0.0654296875
4 0.2333984375 0.7490234375 0.0546875 0.080078125
4 0.19677734375 0.77294921875 0.0380859375 0.0537109375
