4 0.765625 0.97900390625 0.0703125 0.0419921875
4 0.74365234375 0.947265625 0.0634765625 0.046875
4 0.64306640625 0.9736328125 0.0947265625 0.052734375
4 0.7255859375 0.91357421875 0.083984375 0.0595703125
4 0.716796875 0.87353515625 0.078125 0.0537109375
4 0.607421875 0.94287109375 0.10546875 0.0810546875
4 0.59912109375 0.8916015625 0.0927734375 0.064453125
4 0.685546875 0.837890625 0.08203125 0.0546875
4 0.64794921875 0.8154296875 0.1337890625 0.091796875
4 0.56640625 0.86279296875 0.0546875 0.0439453125
9 0.787109375 0.49951171875 0.0859375 0.0888671875
8 0.65283203125 0.44580078125 0.1806640625 0.1689453125
5 0.67333984375 0.89794921875 0.2841796875 0.2041015625
4 0.263671875 0.9501953125 0.099609375 0.060546875
0 0.32177734375 0.2802734375 0.0283203125 0.03515625
0 0.22607421875 0.52685546875 0.0419921875 0.0380859375
0 0.1826171875 0.5234375 0.0390625 0.037109375
0 0.58984375 0.189453125 0.03515625 0.03125
0 0.58935546875 0.2216796875 0.0380859375 0.037109375
0 0.79638671875 0.02294921875 0.0419921875 0.0361328125
8 0.91162109375 0.3642578125 0.1767578125 0.123046875
