5 0.2119140625 0.23974609375 0.033203125 0.0400390625
5 0.21533203125 0.0087890625 0.0380859375 0.015625
5 0.208984375 0.07666015625 0.037109375 0.0478515625
5 0.20849609375 0.17822265625 0.0439453125 0.0400390625
5 0.2099609375 0.31201171875 0.037109375 0.0380859375
5 0.1845703125 0.97119140625 0.041015625 0.0556640625
5 0.2080078125 0.40966796875 0.04296875 0.0322265625
5 0.2001953125 0.49462890625 0.044921875 0.0205078125
5 0.201171875 0.57080078125 0.037109375 0.0263671875
5 0.1982421875 0.638671875 0.03515625 0.02734375
5 0.1943359375 0.73388671875 0.03515625 0.0400390625
5 0.18896484375 0.81201171875 0.0341796875 0.0458984375
5 0.1884765625 0.89013671875 0.03515625 0.0458984375
