4 0.09716796875 0.208984375 0.0263671875 0.029296875
4 0.087890625 0.15869140625 0.0234375 0.0439453125
4 0.11767578125 0.2236328125 0.0302734375 0.03125
4 0.10986328125 0.2138671875 0.0302734375 0.033203125
4 0.15771484375 0.25048828125 0.0322265625 0.0419921875
4 0.20947265625 0.23193359375 0.0361328125 0.0322265625
4 0.27392578125 0.01318359375 0.0322265625 0.0244140625
4 0.2646484375 0.017578125 0.025390625 0.021484375
4 0.26025390625 0.02783203125 0.0283203125 0.0224609375
4 0.224609375 0.228515625 0.03125 0.02734375
4 0.22509765625 0.2685546875 0.0244140625 0.0234375
4 0.2001953125 0.2421875 0.03125 0.029296875
4 0.19384765625 0.25244140625 0.0302734375 0.0283203125
4 0.18359375 0.26025390625 0.03125 0.0283203125
4 0.17626953125 0.27001953125 0.0302734375 0.0263671875
4 0.16943359375 0.279296875 0.0302734375 0.02734375
4 0.203125 0.29541015625 0.033203125 0.0302734375
5 0.90185546875 0.07177734375 0.0537109375 0.0478515625
5 0.84423828125 0.0400390625 0.0478515625 0.04296875
5 0.82958984375 0.01953125 0.0400390625 0.0390625
5 0.6640625 0.08056640625 0.05078125 0.0498046875
5 0.58935546875 0.03271484375 0.1083984375 0.0634765625
9 0.7939453125 0.689453125 0.046875 0.044921875
9 0.97705078125 0.83642578125 0.0458984375 0.0439453125
5 0.9453125 0.1240234375 0.109375 0.130859375
5 0.0068359375 0.07421875 0.01171875 0.146484375
4 0.94921875 0.12841796875 0.03515625 0.0341796875
4 0.9501953125 0.1533203125 0.0546875 0.05078125
4 0.9794921875 0.169921875 0.041015625 0.041015625
4 0.8876953125 0.06689453125 0.041015625 0.0380859375
4 0.89013671875 0.34619140625 0.0322265625 0.0322265625
4 0.90185546875 0.35888671875 0.0263671875 0.0205078125
4 0.005859375 0.013671875 0.009765625 0.021484375
