0 0.30029296875 0.67236328125 0.0341796875 0.0302734375
0 0.53369140625 0.97705078125 0.0322265625 0.0302734375
0 0.50927734375 0.947265625 0.0341796875 0.033203125
0 0.49853515625 0.9345703125 0.0322265625 0.03125
0 0.48828125 0.92138671875 0.037109375 0.0302734375
0 0.47412109375 0.9052734375 0.0361328125 0.03125
0 0.45263671875 0.873046875 0.0380859375 0.03515625
0 0.28466796875 0.65966796875 0.0361328125 0.0322265625
0 0.56201171875 0.08251953125 0.0400390625 0.0302734375
0 0.25146484375 0.6357421875 0.0302734375 0.03515625
0 0.234375 0.6240234375 0.029296875 0.037109375
0 0.1123046875 0.5126953125 0.0390625 0.03125
0 0.1865234375 0.36474609375 0.033203125 0.0283203125
0 0.12841796875 0.3662109375 0.0380859375 0.0390625
9 0.630859375 0.80078125 0.224609375 0.22265625
8 0.2421875 0.876953125 0.171875 0.1875
8 0.56640625 0.35498046875 0.1640625 0.1904296875
8 0.4697265625 0.291015625 0.162109375 0.189453125
8 0.41650390625 0.49609375 0.1904296875 0.1640625
8 0.35595703125 0.58740234375 0.1904296875 0.1650390625
8 0.1708984375 0.20458984375 0.1640625 0.1904296875
0 0.4169921875 0.18798828125 0.0390625 0.0341796875
0 0.1474609375 0.41943359375 0.0390625 0.0380859375
0 0.52099609375 0.96240234375 0.0361328125 0.0341796875
0 0.3603515625 0.75341796875 0.044921875 0.0439453125
0 0.32421875 0.70703125 0.041015625 0.0390625
0 0.3095703125 0.689453125 0.0390625 0.037109375
0 0.26708984375 0.64697265625 0.0361328125 0.0400390625
0 0.140625 0.720703125 0.01953125 0.037109375
0 0.1181640625 0.72314453125 0.01953125 0.0400390625
0 0.12841796875 0.5517578125 0.0458984375 0.03515625
0 0.11865234375 0.5322265625 0.0458984375 0.037109375
0 0.0576171875 0.4150390625 0.046875 0.03515625
0 0.162109375 0.40283203125 0.044921875 0.0380859375
0 0.171875 0.3828125 0.0390625 0.033203125
0 0.427734375 0.171875 0.0390625 0.033203125
0 0.26708984375 0.4248046875 0.0380859375 0.03515625
0 0.2763671875 0.40478515625 0.03515625 0.0302734375
0 0.3212890625 0.3369140625 0.037109375 0.03125
0 0.24755859375 0.265625 0.0400390625 0.033203125
0 0.3671875 0.2685546875 0.04296875 0.03515625
0 0.09619140625 0.5029296875 0.0380859375 0.03125
0 0.20947265625 0.5048828125 0.0380859375 0.03125
0 0.22021484375 0.48974609375 0.0439453125 0.0380859375
0 0.2431640625 0.455078125 0.037109375 0.03515625
0 0.28955078125 0.20166015625 0.0361328125 0.0302734375
0 0.236328125 0.283203125 0.0390625 0.03515625
0 0.205078125 0.33251953125 0.037109375 0.0341796875
0 0.29638671875 0.37109375 0.0380859375 0.033203125
5 0.91748046875 0.0791015625 0.1181640625 0.06640625
