4 0.28466796875 0.7724609375 0.0537109375 0.025390625
4 0.2548828125 0.53857421875 0.130859375 0.0419921875
4 0.283203125 0.5771484375 0.05859375 0.029296875
4 0.21142578125 0.576171875 0.0498046875 0.0234375
4 0.09033203125 0.5859375 0.1396484375 0.046875
4 0.27880859375 0.6611328125 0.0673828125 0.025390625
4 0.21533203125 0.66015625 0.0517578125 0.021484375
4 0.068359375 0.689453125 0.0703125 0.029296875
4 0.28125 0.69384765625 0.06640625 0.0283203125
4 0.0517578125 0.7705078125 0.046875 0.0234375
4 0.12158203125 0.7705078125 0.0654296875 0.025390625
4 0.21826171875 0.771484375 0.0634765625 0.025390625
4 0.1005859375 0.81201171875 0.1328125 0.0517578125
4 0.1875 0.8203125 0.017578125 0.0390625
4 0.2548828125 0.8115234375 0.115234375 0.041015625
4 0.2392578125 0.87890625 0.119140625 0.033203125
4 0.255859375 0.9287109375 0.10546875 0.046875
4 0.119140625 0.88671875 0.05859375 0.02734375
4 0.06201171875 0.884765625 0.0751953125 0.02734375
4 0.09375 0.923828125 0.109375 0.0390625
4 0.08203125 0.9892578125 0.107421875 0.021484375
4 0.240234375 0.986328125 0.119140625 0.02734375
5 0.7001953125 0.6123046875 0.291015625 0.775390625
5 0.171875 0.60888671875 0.3046875 0.7822265625
4 0.0908203125 0.5341796875 0.138671875 0.04296875
4 0.09716796875 0.46240234375 0.0927734375 0.0400390625
4 0.25341796875 0.4208984375 0.1181640625 0.0390625
4 0.259765625 0.3603515625 0.123046875 0.0390625
4 0.5966796875 0.66455078125 0.072265625 0.0400390625
4 0.78125 0.99365234375 0.087890625 0.0126953125
4 0.6328125 0.98828125 0.13671875 0.0234375
4 0.62744140625 0.88427734375 0.1259765625 0.0478515625
4 0.76220703125 0.89501953125 0.0693359375 0.0263671875
4 0.79248046875 0.82373046875 0.1357421875 0.0439453125
4 0.623046875 0.8193359375 0.1328125 0.048828125
4 0.60498046875 0.779296875 0.0634765625 0.02734375
4 0.78173828125 0.77587890625 0.0986328125 0.0361328125
4 0.63525390625 0.70166015625 0.0986328125 0.0283203125
4 0.79248046875 0.66015625 0.1162109375 0.0390625
4 0.60693359375 0.58349609375 0.0634765625 0.0361328125
4 0.67431640625 0.58447265625 0.0595703125 0.0224609375
4 0.779296875 0.59228515625 0.09765625 0.0380859375
4 0.64404296875 0.54931640625 0.0888671875 0.0380859375
4 0.7802734375 0.54248046875 0.111328125 0.0478515625
4 0.650390625 0.4716796875 0.07421875 0.025390625
4 0.66552734375 0.4375 0.0673828125 0.03515625
4 0.77587890625 0.43212890625 0.1103515625 0.0419921875
4 0.775390625 0.36474609375 0.08203125 0.0341796875
4 0.64599609375 0.32373046875 0.0595703125 0.0283203125
4 0.11328125 0.31640625 0.0625 0.03515625
