4 0.15966796875 0.31005859375 0.0126953125 0.0263671875
4 0.1123046875 0.232421875 0.013671875 0.0234375
4 0.27294921875 0.18017578125 0.0126953125 0.0205078125
4 0.32275390625 0.17529296875 0.0126953125 0.0224609375
4 0.3271484375 0.20556640625 0.013671875 0.0263671875
4 0.24755859375 0.18310546875 0.0126953125 0.0244140625
4 0.28369140625 0.263671875 0.0126953125 0.0234375
4 0.36279296875 0.2861328125 0.0126953125 0.02734375
4 0.232421875 0.26953125 0.01171875 0.0234375
4 0.2333984375 0.3583984375 0.013671875 0.025390625
4 0.26513671875 0.3876953125 0.0126953125 0.025390625
4 0.31689453125 0.3486328125 0.0126953125 0.025390625
4 0.3291015625 0.34716796875 0.013671875 0.0263671875
4 0.31982421875 0.38037109375 0.0126953125 0.0244140625
4 0.3330078125 0.37841796875 0.013671875 0.0263671875
4 0.37451171875 0.38134765625 0.0126953125 0.0302734375
4 0.3232421875 0.44580078125 0.015625 0.0283203125
4 0.35400390625 0.46630859375 0.0302734375 0.0107421875
4 0.1806640625 0.27685546875 0.013671875 0.0244140625
4 0.1103515625 0.31640625 0.01171875 0.01953125
4 0.154296875 0.40185546875 0.013671875 0.0263671875
4 0.12353515625 0.37109375 0.0146484375 0.02734375
4 0.09912109375 0.4072265625 0.0107421875 0.025390625
4 0.1279296875 0.40478515625 0.013671875 0.0263671875
4 0.24072265625 0.451171875 0.0166015625 0.02734375
4 0.158203125 0.46142578125 0.013671875 0.0283203125
4 0.13037109375 0.46533203125 0.0146484375 0.0244140625
4 0.11669921875 0.46728515625 0.0107421875 0.0263671875
4 0.30712890625 0.66796875 0.0126953125 0.0234375
4 0.28955078125 0.671875 0.0107421875 0.02734375
4 0.31201171875 0.70703125 0.0126953125 0.03125
4 0.29443359375 0.70849609375 0.0146484375 0.0341796875
4 0.2724609375 0.67041015625 0.015625 0.0322265625
4 0.2548828125 0.67138671875 0.01171875 0.0322265625
4 0.26025390625 0.7119140625 0.0126953125 0.02734375
4 0.2431640625 0.7138671875 0.015625 0.03515625
4 0.2392578125 0.67236328125 0.01171875 0.0283203125
4 0.2275390625 0.7197265625 0.013671875 0.03125
4 0.22119140625 0.67431640625 0.0146484375 0.0302734375
4 0.2109375 0.71875 0.015625 0.03125
4 0.1923828125 0.7197265625 0.013671875 0.029296875
4 0.1767578125 0.72021484375 0.015625 0.0322265625
4 0.16064453125 0.7236328125 0.0146484375 0.03125
4 0.14453125 0.72900390625 0.015625 0.0380859375
4 0.1552734375 0.6826171875 0.01171875 0.02734375
4 0.32275390625 0.6630859375 0.0126953125 0.029296875
4 0.3271484375 0.70654296875 0.013671875 0.0283203125
4 0.34423828125 0.69970703125 0.0126953125 0.0302734375
4 0.2626953125 0.58642578125 0.013671875 0.0283203125
4 0.1015625 0.46923828125 0.015625 0.0302734375
4 0.072265625 0.5732421875 0.015625 0.0234375
4 0.1708984375 0.5712890625 0.02734375 0.013671875
4 0.0595703125 0.61328125 0.013671875 0.03125
4 0.0966796875 0.61181640625 0.013671875 0.0283203125
4 0.1123046875 0.61181640625 0.013671875 0.0322265625
4 0.22900390625 0.59326171875 0.0107421875 0.0283203125
4 0.310546875 0.58349609375 0.015625 0.0283203125
4 0.4169921875 0.728515625 0.015625 0.029296875
4 0.3310546875 0.58203125 0.013671875 0.03125
4 0.3955078125 0.56982421875 0.015625 0.0302734375
4 0.40869140625 0.65625 0.0126953125 0.0234375
4 0.38818359375 0.65673828125 0.0107421875 0.0244140625
4 0.35546875 0.6591796875 0.013671875 0.029296875
4 0.37646484375 0.6943359375 0.0166015625 0.03125
4 0.3603515625 0.69970703125 0.01171875 0.0263671875
5 0.13037109375 0.04638671875 0.0205078125 0.0888671875
5 0.18017578125 0.04296875 0.0205078125 0.0859375
5 0.23095703125 0.041015625 0.0205078125 0.08203125
5 0.03662109375 0.1357421875 0.0673828125 0.263671875
5 0.2236328125 0.28515625 0.287109375 0.095703125
5 0.22265625 0.3740234375 0.310546875 0.09765625
5 0.21728515625 0.4609375 0.3427734375 0.080078125
5 0.23291015625 0.5732421875 0.3447265625 0.11328125
5 0.2470703125 0.6923828125 0.34375 0.1171875
5 0.26123046875 0.8173828125 0.3486328125 0.126953125
5 0.275390625 0.951171875 0.333984375 0.09765625
4 0.138671875 0.6845703125 0.013671875 0.029296875
4 0.12158203125 0.6865234375 0.0126953125 0.02734375
4 0.10693359375 0.69140625 0.0126953125 0.03125
4 0.7724609375 0.8916015625 0.03125 0.015625
4 0.77197265625 0.9150390625 0.0146484375 0.0234375
4 0.7626953125 0.9228515625 0.01171875 0.02734375
4 0.74169921875 0.9248046875 0.0107421875 0.025390625
4 0.732421875 0.92041015625 0.015625 0.0263671875
4 0.73681640625 0.8984375 0.0283203125 0.013671875
4 0.71826171875 0.88134765625 0.0283203125 0.0166015625
4 0.71533203125 0.87158203125 0.0244140625 0.0146484375
4 0.7109375 0.861328125 0.0234375 0.013671875
4 0.705078125 0.85205078125 0.025390625 0.0126953125
4 0.62939453125 0.85791015625 0.0166015625 0.0263671875
4 0.6357421875 0.89892578125 0.017578125 0.0302734375
4 0.650390625 0.8955078125 0.015625 0.03125
4 0.6611328125 0.89111328125 0.015625 0.0322265625
4 0.7900390625 0.947265625 0.0234375 0.013671875
4 0.79052734375 0.95751953125 0.0244140625 0.0146484375
4 0.7900390625 0.9677734375 0.029296875 0.015625
4 0.7724609375 0.880859375 0.029296875 0.013671875
4 0.7685546875 0.87109375 0.025390625 0.013671875
4 0.76220703125 0.86279296875 0.0263671875 0.0166015625
4 0.75830078125 0.85302734375 0.0302734375 0.0166015625
4 0.69873046875 0.80712890625 0.0361328125 0.0185546875
4 0.74853515625 0.80810546875 0.0322265625 0.0166015625
4 0.6923828125 0.78759765625 0.029296875 0.0146484375
4 0.7333984375 0.7724609375 0.02734375 0.015625
4 0.73388671875 0.78271484375 0.0244140625 0.0146484375
4 0.74658203125 0.79833984375 0.0224609375 0.0126953125
4 0.7568359375 0.8427734375 0.033203125 0.01953125
4 0.11279296875 0.73095703125 0.0126953125 0.0283203125
4 0.1455078125 0.9599609375 0.017578125 0.03515625
4 0.41552734375 0.78515625 0.0244140625 0.015625
4 0.37744140625 0.81494140625 0.0146484375 0.0283203125
4 0.37158203125 0.93212890625 0.0146484375 0.0361328125
4 0.3544921875 0.93798828125 0.015625 0.0283203125
4 0.33154296875 0.9375 0.0166015625 0.033203125
4 0.31494140625 0.9423828125 0.0146484375 0.033203125
4 0.2900390625 0.9443359375 0.01953125 0.04296875
4 0.2939453125 0.98681640625 0.015625 0.0263671875
4 0.2734375 0.9873046875 0.01953125 0.025390625
4 0.271484375 0.9462890625 0.017578125 0.03515625
4 0.24853515625 0.94921875 0.0166015625 0.041015625
4 0.22998046875 0.95166015625 0.0185546875 0.0400390625
4 0.212890625 0.99365234375 0.013671875 0.0126953125
4 0.2529296875 0.9892578125 0.015625 0.021484375
4 0.1298828125 0.9970703125 0.015625 0.005859375
4 0.10400390625 0.9931640625 0.0166015625 0.013671875
4 0.1025390625 0.96142578125 0.017578125 0.0361328125
4 0.3515625 0.78173828125 0.013671875 0.0302734375
4 0.33642578125 0.78271484375 0.0126953125 0.0283203125
4 0.31787109375 0.8349609375 0.0205078125 0.046875
4 0.17236328125 0.85107421875 0.0224609375 0.0439453125
4 0.0751953125 0.73486328125 0.013671875 0.0322265625
4 0.0703125 0.69384765625 0.015625 0.0322265625
4 0.08740234375 0.8583984375 0.0244140625 0.052734375
4 0.1318359375 0.85546875 0.01953125 0.044921875
4 0.12890625 0.8076171875 0.01171875 0.029296875
4 0.14453125 0.80859375 0.015625 0.02734375
4 0.16845703125 0.80322265625 0.0146484375 0.0341796875
4 0.19189453125 0.849609375 0.0166015625 0.0390625
4 0.298828125 0.83544921875 0.01953125 0.0478515625
4 0.18505859375 0.798828125 0.0146484375 0.03515625
4 0.2158203125 0.8447265625 0.01953125 0.041015625
4 0.23681640625 0.84375 0.0205078125 0.046875
4 0.2275390625 0.79638671875 0.017578125 0.0322265625
4 0.25390625 0.79736328125 0.013671875 0.0244140625
4 0.2568359375 0.83984375 0.013671875 0.03515625
4 0.2939453125 0.7890625 0.013671875 0.029296875
4 0.12353515625 0.96044921875 0.0166015625 0.0380859375
4 0.16455078125 0.9580078125 0.0166015625 0.0390625
5 0.2275390625 0.201171875 0.26171875 0.087890625
