4 0.00927734375 0.90380859375 0.0166015625 0.0244140625
4 0.0087890625 0.93017578125 0.015625 0.0205078125
4 0.0146484375 0.9521484375 0.02734375 0.029296875
4 0.01318359375 0.97802734375 0.0244140625 0.0224609375
4 0.0087890625 0.99560546875 0.015625 0.0087890625
4 0.15087890625 0.9970703125 0.0361328125 0.005859375
4 0.150390625 0.97998046875 0.046875 0.0146484375
4 0.1552734375 0.95751953125 0.037109375 0.0146484375
4 0.15478515625 0.9345703125 0.0458984375 0.013671875
4 0.1162109375 0.865234375 0.01953125 0.033203125
4 0.03076171875 0.86279296875 0.0224609375 0.0263671875
4 0.06201171875 0.8515625 0.0244140625 0.025390625
4 0.17431640625 0.787109375 0.0244140625 0.033203125
4 0.1396484375 0.78564453125 0.03125 0.0439453125
4 0.8203125 0.5712890625 0.0703125 0.044921875
4 0.89404296875 0.6005859375 0.0498046875 0.02734375
4 0.42626953125 0.00146484375 0.0107421875 0.0009765625
11 0.76318359375 0.83935546875 0.0751953125 0.0810546875
4 0.435546875 0.00439453125 0.009765625 0.0068359375
4 0.6435546875 0.38818359375 0.052734375 0.0322265625
4 0.64501953125 0.5224609375 0.0478515625 0.033203125
4 0.64794921875 0.48974609375 0.0478515625 0.0302734375
4 0.703125 0.48974609375 0.048828125 0.0244140625
4 0.7041015625 0.45703125 0.048828125 0.02734375
4 0.6455078125 0.4560546875 0.037109375 0.025390625
4 0.705078125 0.4248046875 0.044921875 0.0234375
4 0.705078125 0.39013671875 0.0390625 0.0224609375
4 0.8291015625 0.3134765625 0.04296875 0.017578125
4 0.83447265625 0.3671875 0.0654296875 0.0234375
4 0.82470703125 0.47119140625 0.0634765625 0.0400390625
4 0.8359375 0.4501953125 0.029296875 0.021484375
4 0.83740234375 0.43798828125 0.0283203125 0.0205078125
4 0.89111328125 0.46630859375 0.0419921875 0.0302734375
4 0.88623046875 0.5 0.0634765625 0.041015625
4 0.82861328125 0.541015625 0.0400390625 0.03125
4 0.63671875 0.5537109375 0.041015625 0.025390625
4 0.69677734375 0.59130859375 0.0595703125 0.0283203125
4 0.6982421875 0.55810546875 0.0546875 0.0283203125
4 0.5986328125 0.6513671875 0.02734375 0.068359375
4 0.43701171875 0.64990234375 0.0478515625 0.0185546875
4 0.4521484375 0.67236328125 0.0390625 0.0146484375
4 0.51806640625 0.669921875 0.0166015625 0.041015625
4 0.5654296875 0.65283203125 0.02734375 0.0693359375
