4 0.99365234375 0.9755859375 0.0126953125 0.048828125
4 0.96044921875 0.90576171875 0.0322265625 0.0673828125
5 0.81640625 0.2119140625 0.3671875 0.212890625
5 0.88427734375 0.93603515625 0.2314453125 0.1279296875
4 0.93798828125 0.912109375 0.0283203125 0.064453125
4 0.70654296875 0.4521484375 0.0205078125 0.068359375
4 0.67578125 0.45263671875 0.033203125 0.0810546875
4 0.68505859375 0.55224609375 0.0302734375 0.0615234375
4 0.71826171875 0.5458984375 0.0302734375 0.064453125
4 0.6640625 0.658203125 0.0234375 0.041015625
4 0.697265625 0.68359375 0.01953125 0.044921875
4 0.70556640625 0.72900390625 0.0224609375 0.0478515625
4 0.73779296875 0.71142578125 0.0322265625 0.0712890625
4 0.72705078125 0.80322265625 0.0302734375 0.0673828125
4 0.79248046875 0.927734375 0.0341796875 0.0625
4 0.8271484375 0.9267578125 0.02734375 0.060546875
4 0.85107421875 0.92138671875 0.0263671875 0.0595703125
4 0.8818359375 0.9189453125 0.02734375 0.060546875
4 0.90966796875 0.9169921875 0.0244140625 0.056640625
4 0.7666015625 0.9833984375 0.03515625 0.033203125
4 0.802734375 0.98486328125 0.02734375 0.0302734375
4 0.83349609375 0.98583984375 0.0185546875 0.0283203125
4 0.859375 0.982421875 0.0234375 0.03515625
4 0.9140625 0.978515625 0.025390625 0.04296875
4 0.94189453125 0.97998046875 0.0224609375 0.0400390625
4 0.96875 0.9765625 0.025390625 0.046875
0 0.4541015625 0.79541015625 0.03515625 0.0224609375
0 0.49462890625 0.81005859375 0.0419921875 0.0205078125
0 0.498046875 0.8271484375 0.0390625 0.01953125
0 0.36376953125 0.84375 0.0361328125 0.025390625
0 0.3583984375 0.78662109375 0.033203125 0.0185546875
0 0.359375 0.7470703125 0.0390625 0.01953125
0 0.35986328125 0.7109375 0.0478515625 0.0234375
0 0.3544921875 0.67431640625 0.04296875 0.0185546875
0 0.3740234375 0.96240234375 0.037109375 0.0205078125
0 0.455078125 0.81494140625 0.037109375 0.0205078125
0 0.44921875 0.775390625 0.03515625 0.01953125
0 0.48583984375 0.73291015625 0.0419921875 0.0205078125
0 0.31494140625 0.037109375 0.0361328125 0.04296875
0 0.21923828125 0.11572265625 0.0341796875 0.0283203125
0 0.23046875 0.1494140625 0.03515625 0.029296875
0 0.45849609375 0.12890625 0.0263671875 0.037109375
0 0.4951171875 0.20849609375 0.033203125 0.0380859375
0 0.5048828125 0.25244140625 0.021484375 0.0341796875
0 0.3359375 0.2548828125 0.033203125 0.0234375
0 0.17236328125 0.318359375 0.0263671875 0.03515625
0 0.3505859375 0.6533203125 0.041015625 0.025390625
0 0.4375 0.6435546875 0.04296875 0.01953125
0 0.34814453125 0.61328125 0.0341796875 0.021484375
0 0.482421875 0.64013671875 0.0390625 0.0185546875
0 0.54833984375 0.57958984375 0.0244140625 0.0341796875
0 0.51806640625 0.38232421875 0.0205078125 0.0361328125
0 0.44970703125 0.7578125 0.0322265625 0.01953125
0 0.4443359375 0.71826171875 0.0390625 0.0224609375
0 0.4482421875 0.69921875 0.044921875 0.021484375
0 0.44384765625 0.68017578125 0.0322265625 0.0205078125
0 0.48046875 0.67724609375 0.0390625 0.0205078125
4 0.95947265625 0.14599609375 0.0302734375 0.0712890625
4 0.99267578125 0.23681640625 0.0146484375 0.0712890625
4 0.96875 0.24267578125 0.03515625 0.0771484375
4 0.9296875 0.24365234375 0.03125 0.0673828125
4 0.8974609375 0.25439453125 0.033203125 0.0869140625
4 0.85693359375 0.25439453125 0.0341796875 0.0732421875
4 0.8203125 0.26416015625 0.03125 0.0654296875
4 0.78271484375 0.263671875 0.0361328125 0.078125
4 0.74560546875 0.26806640625 0.0322265625 0.0810546875
4 0.708984375 0.2705078125 0.03125 0.06640625
4 0.67529296875 0.27197265625 0.0244140625 0.0595703125
4 0.6513671875 0.27978515625 0.029296875 0.0673828125
4 0.6201171875 0.28857421875 0.017578125 0.0341796875
4 0.98779296875 0.13818359375 0.0244140625 0.0732421875
4 0.91650390625 0.15478515625 0.0283203125 0.0732421875
4 0.88427734375 0.1591796875 0.0322265625 0.078125
4 0.73974609375 0.01416015625 0.0361328125 0.0263671875
4 0.701171875 0.0224609375 0.044921875 0.04296875
4 0.65966796875 0.02392578125 0.0419921875 0.0458984375
4 0.62060546875 0.02978515625 0.0517578125 0.0576171875
4 0.58251953125 0.0478515625 0.0732421875 0.09375
4 0.6435546875 0.1884765625 0.029296875 0.0625
4 0.66748046875 0.19287109375 0.0244140625 0.0576171875
4 0.69482421875 0.1904296875 0.0244140625 0.05078125
4 0.71630859375 0.189453125 0.0263671875 0.056640625
4 0.74462890625 0.185546875 0.0263671875 0.05859375
4 0.765625 0.1796875 0.025390625 0.05859375
4 0.79443359375 0.1767578125 0.0263671875 0.05859375
4 0.814453125 0.16357421875 0.02734375 0.0595703125
4 0.84814453125 0.15966796875 0.0400390625 0.0849609375
