4 0.240234375 0.69482421875 0.04296875 0.0517578125
4 0.12939453125 0.609375 0.0419921875 0.044921875
4 0.22265625 0.59912109375 0.03125 0.0361328125
4 0.1591796875 0.62841796875 0.041015625 0.0478515625
4 0.1748046875 0.64013671875 0.033203125 0.0439453125
4 0.193359375 0.6552734375 0.037109375 0.046875
4 0.2099609375 0.666015625 0.03125 0.0390625
4 0.23583984375 0.61181640625 0.0380859375 0.0419921875
4 0.2275390625 0.6787109375 0.03515625 0.041015625
4 0.25048828125 0.61767578125 0.0517578125 0.0556640625
4 0.26220703125 0.7060546875 0.0419921875 0.048828125
4 0.12890625 0.57080078125 0.0703125 0.0732421875
4 0.298828125 0.66259765625 0.037109375 0.0419921875
4 0.31298828125 0.677734375 0.0341796875 0.041015625
4 0.33056640625 0.6865234375 0.0361328125 0.04296875
4 0.3486328125 0.69091796875 0.05078125 0.0615234375
4 0.2958984375 0.73486328125 0.03515625 0.0439453125
4 0.31103515625 0.74755859375 0.0361328125 0.0419921875
4 0.328125 0.76220703125 0.03125 0.0380859375
4 0.3681640625 0.70654296875 0.046875 0.0556640625
4 0.34619140625 0.7705078125 0.0380859375 0.048828125
4 0.18603515625 0.578125 0.0361328125 0.0390625
4 0.40234375 0.73779296875 0.044921875 0.0517578125
5 0.80615234375 0.94091796875 0.1396484375 0.1181640625
5 0.69189453125 0.68798828125 0.2919921875 0.3310546875
5 0.51806640625 0.90625 0.2080078125 0.1875
5 0.3291015625 0.72314453125 0.453125 0.3740234375
5 0.21630859375 0.8056640625 0.4306640625 0.388671875
4 0.3857421875 0.72021484375 0.048828125 0.0537109375
4 0.36474609375 0.78564453125 0.0322265625 0.0380859375
4 0.37939453125 0.79736328125 0.0400390625 0.0478515625
4 0.3779296875 0.98681640625 0.037109375 0.0263671875
4 0.34521484375 0.982421875 0.0458984375 0.03515625
4 0.3837890625 0.94384765625 0.04296875 0.0498046875
4 0.3642578125 0.92626953125 0.04296875 0.0517578125
4 0.3212890625 0.97900390625 0.044921875 0.0419921875
4 0.3017578125 0.96630859375 0.052734375 0.0615234375
4 0.34521484375 0.9150390625 0.0439453125 0.052734375
4 0.32958984375 0.896484375 0.0439453125 0.052734375
4 0.28564453125 0.95166015625 0.0498046875 0.0595703125
4 0.2626953125 0.93798828125 0.060546875 0.0693359375
4 0.31103515625 0.8828125 0.0458984375 0.0546875
4 0.2880859375 0.8662109375 0.041015625 0.048828125
4 0.2724609375 0.85205078125 0.041015625 0.0458984375
4 0.2451171875 0.91943359375 0.052734375 0.0615234375
4 0.2265625 0.90576171875 0.05078125 0.0576171875
4 0.20751953125 0.88916015625 0.0498046875 0.0595703125
4 0.232421875 0.8291015625 0.03515625 0.041015625
4 0.24951171875 0.8388671875 0.0400390625 0.048828125
4 0.16943359375 0.861328125 0.0498046875 0.060546875
4 0.150390625 0.8486328125 0.05078125 0.05859375
4 0.1337890625 0.8271484375 0.05078125 0.0546875
4 0.4189453125 0.9599609375 0.033203125 0.03515625
4 0.40380859375 0.99365234375 0.0263671875 0.0126953125
4 0.48291015625 0.8720703125 0.0341796875 0.0390625
4 0.392578125 0.8115234375 0.04296875 0.052734375
4 0.41943359375 0.74853515625 0.0498046875 0.0576171875
4 0.439453125 0.7626953125 0.05078125 0.060546875
4 0.45361328125 0.78271484375 0.0419921875 0.0478515625
4 0.4736328125 0.7978515625 0.03515625 0.04296875
4 0.48828125 0.80859375 0.037109375 0.041015625
4 0.5009765625 0.8193359375 0.03515625 0.041015625
4 0.5390625 0.84130859375 0.03125 0.0380859375
4 0.46728515625 0.86181640625 0.0341796875 0.0380859375
4 0.50048828125 0.88720703125 0.0302734375 0.0341796875
4 0.44580078125 0.84814453125 0.0341796875 0.0380859375
4 0.43017578125 0.8369140625 0.0380859375 0.044921875
4 0.5322265625 0.92626953125 0.056640625 0.0537109375
4 0.56201171875 0.8828125 0.0498046875 0.046875
4 0.5224609375 0.943359375 0.03125 0.02734375
4 0.46484375 0.98779296875 0.04296875 0.0244140625
4 0.1650390625 0.7646484375 0.044921875 0.05078125
4 0.14208984375 0.75537109375 0.0419921875 0.0478515625
4 0.12744140625 0.740234375 0.0439453125 0.052734375
4 0.62060546875 0.81787109375 0.0595703125 0.0537109375
4 0.7041015625 0.7080078125 0.041015625 0.037109375
4 0.65625 0.67724609375 0.03125 0.0322265625
4 0.66796875 0.75390625 0.05859375 0.0546875
4 0.65625 0.7783203125 0.05859375 0.0546875
4 0.6396484375 0.6943359375 0.029296875 0.02734375
4 0.62744140625 0.70556640625 0.0439453125 0.0419921875
4 0.6181640625 0.720703125 0.037109375 0.03515625
4 0.6083984375 0.73486328125 0.03515625 0.0302734375
4 0.6396484375 0.79833984375 0.06640625 0.0595703125
4 0.56103515625 0.78759765625 0.0341796875 0.0322265625
4 0.58154296875 0.75830078125 0.0419921875 0.0400390625
4 0.59716796875 0.7490234375 0.0341796875 0.0390625
4 0.7265625 0.67578125 0.03125 0.03125
4 0.10986328125 0.8193359375 0.0478515625 0.05859375
4 0.0146484375 0.72314453125 0.02734375 0.0498046875
4 0.0947265625 0.80078125 0.041015625 0.048828125
4 0.07666015625 0.78466796875 0.0517578125 0.0615234375
4 0.0556640625 0.77294921875 0.052734375 0.0634765625
4 0.08447265625 0.7119140625 0.0400390625 0.046875
4 0.02294921875 0.748046875 0.0439453125 0.060546875
4 0.06982421875 0.69189453125 0.0419921875 0.0478515625
4 0.04931640625 0.68408203125 0.0283203125 0.0361328125
4 0.03515625 0.67041015625 0.041015625 0.0478515625
4 0.021484375 0.65185546875 0.041015625 0.0537109375
