4 0.5419921875 0.47216796875 0.037109375 0.0556640625
4 0.5908203125 0.4501953125 0.037109375 0.052734375
4 0.63427734375 0.42529296875 0.0361328125 0.0498046875
4 0.65673828125 0.421875 0.0419921875 0.064453125
4 0.68359375 0.4072265625 0.04296875 0.068359375
4 0.77490234375 0.3662109375 0.0419921875 0.05859375
4 0.79736328125 0.35546875 0.0400390625 0.056640625
4 0.77294921875 0.29638671875 0.0517578125 0.0751953125
4 0.74560546875 0.3046875 0.0380859375 0.056640625
4 0.69970703125 0.31884765625 0.0439453125 0.0654296875
4 0.6533203125 0.3447265625 0.041015625 0.060546875
4 0.673828125 0.333984375 0.03515625 0.052734375
4 0.62939453125 0.3583984375 0.0380859375 0.056640625
4 0.58349609375 0.38134765625 0.0380859375 0.0556640625
4 0.5595703125 0.3876953125 0.044921875 0.064453125
4 0.53466796875 0.4033203125 0.0419921875 0.056640625
4 0.5126953125 0.41455078125 0.0390625 0.0556640625
4 0.48681640625 0.4248046875 0.0380859375 0.056640625
4 0.466796875 0.4345703125 0.04296875 0.05859375
4 0.4208984375 0.45849609375 0.04296875 0.0595703125
4 0.39453125 0.46728515625 0.041015625 0.0634765625
4 0.37255859375 0.4794921875 0.0419921875 0.05859375
4 0.3486328125 0.49267578125 0.0390625 0.0576171875
4 0.328125 0.5048828125 0.041015625 0.0546875
4 0.27978515625 0.52685546875 0.0400390625 0.0576171875
4 0.25439453125 0.53955078125 0.0400390625 0.0576171875
4 0.23193359375 0.5478515625 0.0400390625 0.05859375
4 0.205078125 0.5625 0.0390625 0.0546875
4 0.21630859375 0.634765625 0.0244140625 0.03515625
4 0.2333984375 0.6201171875 0.033203125 0.048828125
4 0.56298828125 0.46142578125 0.0380859375 0.0556640625
4 0.634765625 0.63330078125 0.037109375 0.0478515625
4 0.28076171875 0.5966796875 0.0361328125 0.0546875
4 0.61474609375 0.64404296875 0.0380859375 0.0537109375
4 0.64990234375 0.55615234375 0.0322265625 0.0458984375
4 0.63037109375 0.56787109375 0.0380859375 0.0517578125
4 0.607421875 0.57666015625 0.03515625 0.0517578125
4 0.5888671875 0.58740234375 0.037109375 0.0537109375
4 0.5458984375 0.6044921875 0.03515625 0.0546875
4 0.5244140625 0.61962890625 0.03515625 0.0537109375
4 0.5029296875 0.626953125 0.03515625 0.05078125
4 0.48193359375 0.6396484375 0.0341796875 0.052734375
4 0.46240234375 0.64501953125 0.0322265625 0.0478515625
4 0.43994140625 0.65771484375 0.0361328125 0.0537109375
4 0.4208984375 0.66845703125 0.037109375 0.0537109375
4 0.3974609375 0.6806640625 0.033203125 0.048828125
4 0.37744140625 0.68701171875 0.0322265625 0.0478515625
4 0.291015625 0.72314453125 0.0234375 0.0341796875
4 0.31201171875 0.72021484375 0.0341796875 0.0537109375
4 0.33447265625 0.70849609375 0.0341796875 0.0517578125
4 0.3798828125 0.75146484375 0.033203125 0.0517578125
4 0.40283203125 0.74267578125 0.0341796875 0.0498046875
4 0.44775390625 0.72607421875 0.0361328125 0.0537109375
4 0.6396484375 0.759765625 0.03125 0.044921875
4 0.466796875 0.71484375 0.03515625 0.05078125
4 0.48779296875 0.70263671875 0.0322265625 0.0517578125
4 0.50634765625 0.69189453125 0.0302734375 0.0478515625
4 0.53076171875 0.68408203125 0.0361328125 0.0556640625
4 0.54931640625 0.6708984375 0.0341796875 0.052734375
4 0.572265625 0.66015625 0.03515625 0.05078125
4 0.59033203125 0.6494140625 0.0341796875 0.05078125
4 0.67529296875 0.6123046875 0.0341796875 0.046875
4 0.65673828125 0.62060546875 0.0361328125 0.0478515625
4 0.26025390625 0.607421875 0.0419921875 0.064453125
4 0.30712890625 0.5859375 0.0380859375 0.05859375
4 0.2607421875 0.38623046875 0.033203125 0.0517578125
4 0.22802734375 0.4150390625 0.0283203125 0.04296875
4 0.1904296875 0.43359375 0.025390625 0.0390625
5 0.703125 0.75634765625 0.53515625 0.3193359375
5 0.57568359375 0.62255859375 0.6396484375 0.3779296875
5 0.4755859375 0.466796875 0.654296875 0.39453125
4 0.24658203125 0.4072265625 0.0283203125 0.041015625
4 0.28125 0.373046875 0.046875 0.0703125
4 0.33056640625 0.578125 0.0439453125 0.0625
4 0.32861328125 0.35107421875 0.0419921875 0.0615234375
4 0.3544921875 0.56201171875 0.03515625 0.0517578125
4 0.3759765625 0.55126953125 0.037109375 0.0556640625
4 0.40185546875 0.53857421875 0.0400390625 0.0556640625
4 0.42529296875 0.53369140625 0.0439453125 0.0673828125
4 0.51611328125 0.48486328125 0.0380859375 0.0537109375
4 0.49658203125 0.49365234375 0.0380859375 0.0537109375
4 0.4501953125 0.52099609375 0.04296875 0.0654296875
4 0.34228515625 0.26220703125 0.0400390625 0.0595703125
4 0.3662109375 0.2490234375 0.044921875 0.064453125
4 0.3876953125 0.240234375 0.033203125 0.046875
4 0.39892578125 0.31494140625 0.0458984375 0.0654296875
4 0.4189453125 0.29931640625 0.041015625 0.0576171875
4 0.4453125 0.2939453125 0.046875 0.068359375
4 0.46484375 0.2119140625 0.033203125 0.048828125
4 0.4833984375 0.1982421875 0.0390625 0.060546875
4 0.50927734375 0.18310546875 0.0341796875 0.0537109375
4 0.53125 0.17236328125 0.04296875 0.0615234375
4 0.55224609375 0.1572265625 0.0419921875 0.060546875
4 0.57958984375 0.154296875 0.0458984375 0.068359375
4 0.56298828125 0.23876953125 0.0478515625 0.0654296875
4 0.541015625 0.2509765625 0.044921875 0.06640625
4 0.51513671875 0.25927734375 0.0380859375 0.0498046875
4 0.490234375 0.26806640625 0.0390625 0.0556640625
4 0.470703125 0.28271484375 0.048828125 0.0673828125
4 0.416015625 0.232421875 0.0390625 0.05078125
4 0.3740234375 0.32763671875 0.048828125 0.0673828125
4 0.35009765625 0.33251953125 0.0341796875 0.0498046875
4 0.32177734375 0.2744140625 0.0361328125 0.05078125
4 0.28125 0.3017578125 0.025390625 0.033203125
4 0.6689453125 0.54541015625 0.0390625 0.0556640625
4 0.712890625 0.58642578125 0.025390625 0.0341796875
4 0.71435546875 0.5283203125 0.0341796875 0.05078125
4 0.78271484375 0.56103515625 0.0361328125 0.0517578125
4 0.48828125 0.83349609375 0.029296875 0.0439453125
4 0.51123046875 0.82177734375 0.0283203125 0.0419921875
4 0.52783203125 0.81494140625 0.0283203125 0.0439453125
4 0.5078125 0.87646484375 0.02734375 0.0380859375
4 0.55029296875 0.8603515625 0.0283203125 0.0390625
4 0.5703125 0.849609375 0.0234375 0.033203125
4 0.54736328125 0.80029296875 0.0263671875 0.0380859375
4 0.564453125 0.79833984375 0.02734375 0.0419921875
4 0.58740234375 0.78564453125 0.0263671875 0.0380859375
4 0.6259765625 0.82421875 0.03515625 0.048828125
4 0.66162109375 0.80859375 0.0244140625 0.03125
4 0.7568359375 0.76123046875 0.025390625 0.0322265625
4 0.7138671875 0.72509765625 0.025390625 0.0361328125
4 0.75244140625 0.70703125 0.0302734375 0.041015625
4 0.7734375 0.7509765625 0.03125 0.041015625
4 0.79541015625 0.7451171875 0.0263671875 0.037109375
4 0.83056640625 0.724609375 0.0283203125 0.041015625
4 0.80859375 0.6787109375 0.033203125 0.046875
4 0.82666015625 0.6689453125 0.0341796875 0.046875
4 0.84912109375 0.7158203125 0.0302734375 0.041015625
4 0.85986328125 0.65283203125 0.0244140625 0.0361328125
4 0.9248046875 0.681640625 0.029296875 0.0390625
4 0.95947265625 0.640625 0.0517578125 0.0703125
4 0.81689453125 0.4775390625 0.0302734375 0.044921875
4 0.84814453125 0.46826171875 0.0283203125 0.0380859375
4 0.8876953125 0.4794921875 0.064453125 0.099609375
4 0.87158203125 0.5146484375 0.0283203125 0.037109375
4 0.84375 0.52880859375 0.03515625 0.0517578125
4 0.80126953125 0.548828125 0.0361328125 0.052734375
4 0.75390625 0.94677734375 0.03125 0.0458984375
4 0.68994140625 0.91455078125 0.0263671875 0.0380859375
4 0.63818359375 0.94189453125 0.0185546875 0.0263671875
4 0.72802734375 0.8974609375 0.0283203125 0.0390625
4 0.98876953125 0.82568359375 0.0224609375 0.0439453125
4 0.97509765625 0.83642578125 0.0244140625 0.0322265625
4 0.87890625 0.82421875 0.029296875 0.04296875
4 0.90087890625 0.81640625 0.0283203125 0.0390625
4 0.93994140625 0.85546875 0.0302734375 0.0390625
4 0.88330078125 0.880859375 0.0361328125 0.05078125
4 0.82958984375 0.91552734375 0.0361328125 0.0537109375
4 0.8095703125 0.91845703125 0.03125 0.0419921875
4 0.7890625 0.92578125 0.033203125 0.04296875
4 0.771484375 0.93505859375 0.03125 0.0439453125
4 0.8046875 0.861328125 0.03125 0.04296875
4 0.765625 0.87890625 0.029296875 0.0390625
5 0.42138671875 0.26171875 0.3759765625 0.26171875
