4 0.48095703125 0.8544921875 0.0830078125 0.056640625
4 0.2119140625 0.8798828125 0.072265625 0.056640625
4 0.22607421875 0.93896484375 0.0712890625 0.0537109375
4 0.14697265625 0.939453125 0.0556640625 0.080078125
4 0.24609375 0.9716796875 0.068359375 0.052734375
4 0.17626953125 0.99462890625 0.0263671875 0.0107421875
4 0.1162109375 0.85009765625 0.0546875 0.0869140625
4 0.27685546875 0.79638671875 0.0791015625 0.0576171875
4 0.25732421875 0.72021484375 0.0791015625 0.0595703125
4 0.21533203125 0.45361328125 0.0771484375 0.0615234375
5 0.32080078125 0.41357421875 0.4423828125 0.2841796875
5 0.333984375 0.52978515625 0.486328125 0.3154296875
5 0.3623046875 0.63134765625 0.466796875 0.2939453125
5 0.37060546875 0.7685546875 0.3994140625 0.23046875
5 0.35791015625 0.89404296875 0.3095703125 0.1728515625
4 0.21337890625 0.28955078125 0.0556640625 0.0478515625
4 0.1884765625 0.3916015625 0.064453125 0.05078125
4 0.26123046875 0.3486328125 0.0888671875 0.068359375
4 0.142578125 0.44970703125 0.041015625 0.0634765625
4 0.09033203125 0.4658203125 0.0458984375 0.068359375
4 0.1748046875 0.77099609375 0.07421875 0.0576171875
4 0.0673828125 0.533203125 0.03515625 0.0546875
4 0.12744140625 0.63330078125 0.0849609375 0.0673828125
4 0.0927734375 0.6015625 0.029296875 0.046875
4 0.04736328125 0.60595703125 0.0380859375 0.0556640625
4 0.26953125 0.59423828125 0.0625 0.0517578125
4 0.20654296875 0.63427734375 0.0693359375 0.0537109375
4 0.13720703125 0.6767578125 0.0712890625 0.056640625
4 0.05029296875 0.67724609375 0.0439453125 0.0595703125
4 0.2529296875 0.67431640625 0.0859375 0.0673828125
4 0.1591796875 0.73095703125 0.0859375 0.0615234375
4 0.078125 0.75439453125 0.0546875 0.0830078125
4 0.47998046875 0.81201171875 0.0478515625 0.0419921875
4 0.3701171875 0.40673828125 0.0703125 0.0537109375
4 0.4375 0.36669921875 0.08203125 0.0634765625
4 0.35693359375 0.369140625 0.0654296875 0.05078125
4 0.396484375 0.35498046875 0.0234375 0.0205078125
4 0.43505859375 0.322265625 0.0712890625 0.052734375
4 0.32666015625 0.30322265625 0.0654296875 0.0439453125
4 0.39013671875 0.265625 0.0732421875 0.056640625
4 0.359375 0.2373046875 0.037109375 0.029296875
4 0.45458984375 0.22314453125 0.0615234375 0.0478515625
4 0.42626953125 0.1923828125 0.0556640625 0.044921875
0 0.47607421875 0.037109375 0.0185546875 0.03515625
0 0.49462890625 0.02294921875 0.0166015625 0.0380859375
4 0.50341796875 0.28125 0.0556640625 0.046875
4 0.5146484375 0.31884765625 0.07421875 0.0517578125
4 0.47119140625 0.41943359375 0.0771484375 0.0673828125
4 0.54248046875 0.37548828125 0.0537109375 0.0439453125
4 0.49462890625 0.455078125 0.0771484375 0.0625
4 0.5673828125 0.40576171875 0.068359375 0.0595703125
4 0.4677734375 0.5419921875 0.076171875 0.0625
4 0.546875 0.4931640625 0.08203125 0.06640625
4 0.48779296875 0.5791015625 0.0830078125 0.05859375
4 0.57470703125 0.529296875 0.0869140625 0.064453125
4 0.525390625 0.6591796875 0.08984375 0.068359375
4 0.5478515625 0.69384765625 0.0859375 0.0615234375
4 0.49560546875 0.7841796875 0.0244140625 0.02734375
4 0.2958984375 0.45556640625 0.078125 0.0517578125
4 0.38623046875 0.4736328125 0.0830078125 0.0703125
4 0.421875 0.501953125 0.068359375 0.056640625
4 0.4189453125 0.98291015625 0.064453125 0.0341796875
4 0.39892578125 0.8974609375 0.0927734375 0.0625
4 0.30078125 0.52978515625 0.076171875 0.0615234375
4 0.39501953125 0.8505859375 0.0732421875 0.046875
4 0.36181640625 0.876953125 0.0205078125 0.01171875
4 0.28662109375 0.83740234375 0.0771484375 0.0556640625
4 0.36083984375 0.79443359375 0.0576171875 0.0419921875
4 0.35986328125 0.7490234375 0.0830078125 0.0625
4 0.45166015625 0.7490234375 0.0791015625 0.056640625
4 0.44287109375 0.70263671875 0.0712890625 0.0556640625
4 0.326171875 0.6328125 0.06640625 0.0546875
4 0.4140625 0.6259765625 0.080078125 0.060546875
4 0.40185546875 0.5859375 0.0771484375 0.0625
4 0.3525390625 0.54736328125 0.08203125 0.0576171875
5 0.30078125 0.279296875 0.359375 0.248046875
