4 0.8701171875 0.14404296875 0.01953125 0.0517578125
4 0.84619140625 0.142578125 0.0205078125 0.05078125
4 0.7470703125 0.1416015625 0.01953125 0.048828125
4 0.79541015625 0.14111328125 0.0205078125 0.0517578125
4 0.89697265625 0.2158203125 0.0185546875 0.0546875
4 0.8447265625 0.2138671875 0.021484375 0.060546875
4 0.81982421875 0.21142578125 0.0166015625 0.0595703125
4 0.89794921875 0.1455078125 0.0185546875 0.052734375
4 0.92041015625 0.1494140625 0.0166015625 0.046875
4 0.94873046875 0.14599609375 0.0166015625 0.0478515625
4 0.9716796875 0.1484375 0.01953125 0.052734375
4 0.9970703125 0.21826171875 0.005859375 0.0595703125
4 0.63818359375 0.9794921875 0.0224609375 0.041015625
4 0.81298828125 0.98388671875 0.0185546875 0.0322265625
4 0.77734375 0.9833984375 0.013671875 0.02734375
4 0.75341796875 0.91845703125 0.0166015625 0.0517578125
4 0.46923828125 0.982421875 0.0107421875 0.03125
4 0.4501953125 0.904296875 0.01171875 0.02734375
4 0.54638671875 0.90380859375 0.0439453125 0.0771484375
4 0.29443359375 0.974609375 0.0205078125 0.05078125
4 0.31884765625 0.97314453125 0.0205078125 0.0498046875
4 0.40283203125 0.89208984375 0.0224609375 0.0849609375
4 0.328125 0.90576171875 0.017578125 0.0498046875
4 0.29736328125 0.900390625 0.0185546875 0.052734375
4 0.28564453125 0.841796875 0.0263671875 0.048828125
4 0.30029296875 0.84326171875 0.0185546875 0.0478515625
4 0.3017578125 0.794921875 0.017578125 0.046875
4 0.4658203125 0.130859375 0.015625 0.044921875
4 0.32275390625 0.27001953125 0.0224609375 0.0634765625
4 0.3291015625 0.1689453125 0.017578125 0.048828125
4 0.49365234375 0.203125 0.0205078125 0.06640625
4 0.439453125 0.19970703125 0.02734375 0.0673828125
4 0.3583984375 0.185546875 0.017578125 0.04296875
4 0.5166015625 0.12939453125 0.015625 0.0439453125
4 0.49560546875 0.130859375 0.0166015625 0.048828125
4 0.44384765625 0.12451171875 0.0166015625 0.0478515625
4 0.41552734375 0.12646484375 0.0166015625 0.0498046875
4 0.3466796875 0.10498046875 0.02734375 0.0849609375
4 0.34912109375 0.03173828125 0.0283203125 0.0615234375
4 0.38427734375 0.03955078125 0.0205078125 0.0634765625
4 0.357421875 0.28271484375 0.021484375 0.0537109375
4 0.32177734375 0.333984375 0.0185546875 0.048828125
4 0.3505859375 0.3427734375 0.015625 0.04296875
4 0.38134765625 0.3359375 0.0205078125 0.056640625
4 0.29833984375 0.39697265625 0.0126953125 0.0361328125
4 0.310546875 0.36767578125 0.033203125 0.0146484375
4 0.45068359375 0.42724609375 0.0166015625 0.0517578125
4 0.4287109375 0.4267578125 0.017578125 0.048828125
4 0.4130859375 0.42578125 0.017578125 0.046875
4 0.3486328125 0.40576171875 0.015625 0.0439453125
4 0.3447265625 0.44970703125 0.01171875 0.0302734375
4 0.3896484375 0.44189453125 0.013671875 0.0400390625
4 0.43017578125 0.39013671875 0.0458984375 0.0244140625
4 0.39111328125 0.40087890625 0.0166015625 0.0419921875
4 0.3671875 0.3857421875 0.03515625 0.015625
4 0.48779296875 0.33642578125 0.0205078125 0.0654296875
4 0.46142578125 0.3408203125 0.0205078125 0.05859375
4 0.43505859375 0.3388671875 0.0205078125 0.05859375
4 0.40673828125 0.33837890625 0.0224609375 0.0556640625
4 0.30517578125 0.7509765625 0.0146484375 0.037109375
5 0.67626953125 0.6533203125 0.6474609375 0.1953125
4 0.72021484375 0.1416015625 0.0205078125 0.044921875
4 0.73583984375 0.205078125 0.0205078125 0.0546875
4 0.7099609375 0.201171875 0.017578125 0.05078125
5 0.6591796875 0.9228515625 0.681640625 0.154296875
5 0.67431640625 0.3935546875 0.6513671875 0.173828125
5 0.677734375 0.171875 0.64453125 0.15234375
5 0.96630859375 0.0244140625 0.0673828125 0.046875
5 0.83984375 0.02392578125 0.087890625 0.0458984375
5 0.7099609375 0.02099609375 0.08203125 0.0400390625
4 0.82421875 0.14208984375 0.017578125 0.0458984375
4 0.669921875 0.13671875 0.017578125 0.052734375
4 0.681640625 0.2080078125 0.01953125 0.0546875
4 0.65771484375 0.19921875 0.0185546875 0.046875
4 0.87158203125 0.43408203125 0.0205078125 0.0693359375
4 0.72900390625 0.3525390625 0.0166015625 0.05078125
4 0.6044921875 0.20068359375 0.017578125 0.0517578125
4 0.2939453125 0.4423828125 0.017578125 0.044921875
4 0.2900390625 0.49072265625 0.0234375 0.0537109375
4 0.34765625 0.50830078125 0.021484375 0.0634765625
4 0.90673828125 0.70458984375 0.0244140625 0.0751953125
4 0.8037109375 0.70361328125 0.02734375 0.0810546875
4 0.83544921875 0.703125 0.0263671875 0.083984375
4 0.80419921875 0.61181640625 0.0224609375 0.0693359375
4 0.83349609375 0.61669921875 0.0224609375 0.0634765625
4 0.86474609375 0.61328125 0.0244140625 0.072265625
4 0.8759765625 0.70556640625 0.0234375 0.0791015625
4 0.9453125 0.71435546875 0.025390625 0.0849609375
4 0.89208984375 0.62158203125 0.0224609375 0.0595703125
4 0.34716796875 0.58447265625 0.0283203125 0.0869140625
4 0.92724609375 0.6181640625 0.0205078125 0.056640625
4 0.955078125 0.615234375 0.0234375 0.068359375
4 0.9853515625 0.62353515625 0.025390625 0.0634765625
4 0.9775390625 0.7099609375 0.02734375 0.078125
4 0.7646484375 0.6982421875 0.025390625 0.078125
4 0.73486328125 0.697265625 0.0263671875 0.078125
4 0.74462890625 0.609375 0.0244140625 0.072265625
4 0.7138671875 0.6044921875 0.02734375 0.078125
4 0.2958984375 0.72314453125 0.03125 0.0107421875
4 0.29443359375 0.7119140625 0.0400390625 0.013671875
4 0.28466796875 0.6826171875 0.0146484375 0.04296875
4 0.380859375 0.68603515625 0.029296875 0.0810546875
4 0.41259765625 0.68603515625 0.0263671875 0.0830078125
4 0.5302734375 0.60107421875 0.0234375 0.0673828125
4 0.5634765625 0.60400390625 0.0234375 0.0654296875
4 0.591796875 0.60595703125 0.0234375 0.0654296875
4 0.623046875 0.60595703125 0.0234375 0.0595703125
4 0.65380859375 0.60595703125 0.0244140625 0.0712890625
4 0.5556640625 0.6884765625 0.025390625 0.078125
4 0.5927734375 0.69384765625 0.02734375 0.0810546875
4 0.62158203125 0.6943359375 0.0224609375 0.076171875
4 0.6650390625 0.6982421875 0.0234375 0.080078125
4 0.69482421875 0.6982421875 0.0244140625 0.08203125
4 0.83984375 0.43359375 0.021484375 0.072265625
4 0.8681640625 0.3564453125 0.01953125 0.05859375
4 0.83837890625 0.3515625 0.0205078125 0.064453125
4 0.81494140625 0.3544921875 0.0205078125 0.0546875
4 0.78125 0.35400390625 0.01953125 0.0576171875
4 0.703125 0.349609375 0.021484375 0.060546875
4 0.67626953125 0.34912109375 0.0205078125 0.0576171875
4 0.7802734375 0.43115234375 0.025390625 0.0712890625
4 0.7509765625 0.43115234375 0.021484375 0.0712890625
4 0.71875 0.4287109375 0.01953125 0.06640625
4 0.689453125 0.42822265625 0.0234375 0.0732421875
4 0.65771484375 0.427734375 0.0244140625 0.0703125
4 0.5380859375 0.42724609375 0.025390625 0.0830078125
4 0.50830078125 0.41943359375 0.0205078125 0.0615234375
4 0.4765625 0.4208984375 0.0234375 0.0703125
4 0.4697265625 0.59423828125 0.0234375 0.0673828125
4 0.89013671875 0.359375 0.0185546875 0.05859375
4 0.9013671875 0.439453125 0.025390625 0.076171875
4 0.99169921875 0.4375 0.0166015625 0.0625
4 0.974609375 0.36767578125 0.015625 0.0478515625
4 0.94482421875 0.359375 0.0205078125 0.056640625
4 0.6884765625 0.001953125 0.037109375 0.001953125
4 0.73388671875 0.013671875 0.0283203125 0.01171875
4 0.82080078125 0.00390625 0.0322265625 0.005859375
4 0.81982421875 0.015625 0.0341796875 0.013671875
4 0.86328125 0.0107421875 0.041015625 0.015625
4 0.99169921875 0.03466796875 0.0166015625 0.0126953125
4 0.95556640625 0.00390625 0.0380859375 0.005859375
4 0.57421875 0.19384765625 0.015625 0.0400390625
4 0.56689453125 0.13134765625 0.0185546875 0.0478515625
4 0.54638671875 0.1328125 0.0185546875 0.048828125
