4 0.8447265625 0.525390625 0.025390625 0.017578125
4 0.7724609375 0.5732421875 0.033203125 0.052734375
0 0.91015625 0.42578125 0.033203125 0.0234375
0 0.53515625 0.81591796875 0.021484375 0.0126953125
0 0.5263671875 0.79541015625 0.01953125 0.0107421875
0 0.53857421875 0.7626953125 0.0126953125 0.021484375
0 0.52734375 0.7646484375 0.01171875 0.021484375
0 0.5166015625 0.76806640625 0.01171875 0.0224609375
0 0.50537109375 0.76806640625 0.0107421875 0.0224609375
4 0.5673828125 0.7138671875 0.03515625 0.02734375
4 0.56640625 0.69775390625 0.03515625 0.0283203125
4 0.56689453125 0.6796875 0.0341796875 0.02734375
4 0.56591796875 0.66357421875 0.0322265625 0.0283203125
4 0.5693359375 0.64306640625 0.033203125 0.0283203125
0 0.5224609375 0.69921875 0.009765625 0.01953125
0 0.51171875 0.70751953125 0.009765625 0.0205078125
0 0.52197265625 0.67431640625 0.0126953125 0.0205078125
0 0.509765625 0.68310546875 0.009765625 0.0205078125
4 0.56982421875 0.6259765625 0.0322265625 0.02734375
4 0.57373046875 0.59375 0.0185546875 0.01953125
4 0.55859375 0.59814453125 0.02734375 0.0361328125
4 0.54150390625 0.6025390625 0.0146484375 0.03125
0 0.509765625 0.58984375 0.01953125 0.015625
0 0.53564453125 0.5595703125 0.0244140625 0.01953125
4 0.49658203125 0.99951171875 0.0087890625 0.0009765625
0 0.53271484375 0.80615234375 0.0205078125 0.0126953125
0 0.53564453125 0.853515625 0.0185546875 0.01171875
4 0.61474609375 0.9931640625 0.0478515625 0.013671875
4 0.64404296875 0.61962890625 0.0166015625 0.0341796875
4 0.6171875 0.9814453125 0.044921875 0.0234375
4 0.61962890625 0.96240234375 0.0498046875 0.0283203125
4 0.5947265625 0.9052734375 0.0234375 0.0234375
4 0.62060546875 0.86279296875 0.0244140625 0.0126953125
4 0.7314453125 0.82666015625 0.0625 0.0322265625
4 0.74560546875 0.78369140625 0.0322265625 0.0205078125
4 0.76513671875 0.75390625 0.0400390625 0.025390625
4 0.642578125 0.7265625 0.021484375 0.03515625
4 0.638671875 0.69775390625 0.033203125 0.0205078125
4 0.703125 0.673828125 0.025390625 0.044921875
4 0.6787109375 0.6728515625 0.025390625 0.04296875
4 0.6611328125 0.67041015625 0.02734375 0.0419921875
4 0.64111328125 0.66357421875 0.0166015625 0.0439453125
4 0.71875 0.6025390625 0.015625 0.015625
4 0.75048828125 0.572265625 0.0244140625 0.041015625
4 0.7353515625 0.5791015625 0.02734375 0.04296875
4 0.71533203125 0.58251953125 0.0244140625 0.0380859375
4 0.69970703125 0.58935546875 0.0244140625 0.0419921875
4 0.68115234375 0.59326171875 0.0244140625 0.0341796875
4 0.669921875 0.6064453125 0.017578125 0.025390625
4 0.7939453125 0.56591796875 0.03515625 0.0556640625
4 0.83544921875 0.55419921875 0.0400390625 0.0576171875
4 0.93798828125 0.49951171875 0.0732421875 0.0419921875
4 0.98681640625 0.900390625 0.0244140625 0.037109375
4 0.9697265625 0.9052734375 0.021484375 0.03515625
4 0.95556640625 0.9140625 0.0244140625 0.037109375
4 0.98046875 0.8564453125 0.021484375 0.03125
4 0.9658203125 0.861328125 0.0234375 0.033203125
4 0.95068359375 0.8662109375 0.0224609375 0.033203125
4 0.935546875 0.87158203125 0.0234375 0.0322265625
4 0.92041015625 0.8759765625 0.0244140625 0.037109375
4 0.93701171875 0.91748046875 0.0205078125 0.0341796875
4 0.9228515625 0.9208984375 0.017578125 0.033203125
4 0.90576171875 0.92724609375 0.0244140625 0.0341796875
4 0.87158203125 0.9375 0.0244140625 0.033203125
4 0.99267578125 0.98388671875 0.0146484375 0.0322265625
4 0.98046875 0.98583984375 0.021484375 0.0283203125
4 0.96240234375 0.990234375 0.0166015625 0.01953125
4 0.9462890625 0.9921875 0.017578125 0.015625
4 0.92919921875 0.99462890625 0.0126953125 0.0107421875
4 0.90966796875 0.99609375 0.0126953125 0.0078125
4 0.8896484375 0.9326171875 0.017578125 0.033203125
4 0.8564453125 0.943359375 0.021484375 0.03125
4 0.98583984375 0.4873046875 0.0205078125 0.02734375
4 0.9326171875 0.7421875 0.029296875 0.048828125
4 0.89306640625 0.7587890625 0.0263671875 0.044921875
4 0.87451171875 0.76171875 0.0302734375 0.048828125
4 0.861328125 0.7685546875 0.02734375 0.048828125
4 0.98291015625 0.560546875 0.0185546875 0.029296875
4 0.96826171875 0.56103515625 0.0205078125 0.0341796875
4 0.9560546875 0.56884765625 0.017578125 0.0283203125
4 0.94384765625 0.57373046875 0.0185546875 0.0283203125
4 0.97119140625 0.6142578125 0.0283203125 0.048828125
4 0.90576171875 0.58642578125 0.0166015625 0.0263671875
4 0.91796875 0.58154296875 0.021484375 0.0322265625
4 0.93603515625 0.62744140625 0.0322265625 0.0498046875
4 0.9150390625 0.63134765625 0.0234375 0.0439453125
4 0.78759765625 0.68359375 0.0458984375 0.021484375
4 0.79150390625 0.66357421875 0.0517578125 0.0302734375
4 0.88671875 0.611328125 0.029296875 0.087890625
4 0.9951171875 0.48193359375 0.009765625 0.0283203125
4 0.9130859375 0.75 0.03125 0.046875
4 0.77001953125 0.7353515625 0.0458984375 0.02734375
4 0.8134765625 0.9716796875 0.017578125 0.009765625
4 0.77587890625 0.71826171875 0.0458984375 0.0283203125
4 0.83642578125 0.9521484375 0.0166015625 0.04296875
4 0.87548828125 0.89111328125 0.0224609375 0.0302734375
4 0.86083984375 0.89501953125 0.0224609375 0.0361328125
4 0.84423828125 0.90087890625 0.0244140625 0.0361328125
4 0.82958984375 0.90869140625 0.0166015625 0.0283203125
4 0.81103515625 0.935546875 0.0244140625 0.064453125
4 0.99169921875 0.77294921875 0.0166015625 0.0322265625
4 0.97802734375 0.77734375 0.0224609375 0.03125
4 0.962890625 0.7822265625 0.01953125 0.029296875
4 0.93310546875 0.7939453125 0.0224609375 0.033203125
4 0.916015625 0.7998046875 0.021484375 0.03125
4 0.8388671875 0.79150390625 0.025390625 0.0830078125
4 0.90283203125 0.806640625 0.0205078125 0.029296875
4 0.87255859375 0.81494140625 0.0205078125 0.0341796875
4 0.8603515625 0.82470703125 0.01171875 0.0283203125
4 0.9873046875 0.720703125 0.025390625 0.05078125
4 0.97021484375 0.73193359375 0.0283203125 0.0439453125
4 0.951171875 0.736328125 0.029296875 0.046875
4 0.50537109375 0.62158203125 0.0107421875 0.0283203125
0 0.4638671875 0.59716796875 0.025390625 0.0205078125
4 0.12451171875 0.9931640625 0.0185546875 0.013671875
4 0.1083984375 0.9951171875 0.015625 0.009765625
4 0.14208984375 0.9931640625 0.0166015625 0.013671875
0 0.29443359375 0.74951171875 0.0224609375 0.0185546875
0 0.18994140625 0.734375 0.0224609375 0.01953125
0 0.083984375 0.73291015625 0.017578125 0.0205078125
1 0.15673828125 0.75830078125 0.0341796875 0.0322265625
5 0.76220703125 0.5732421875 0.2119140625 0.12890625
5 0.8994140625 0.9033203125 0.201171875 0.140625
5 0.9091796875 0.76904296875 0.181640625 0.1396484375
5 0.951171875 0.5947265625 0.09765625 0.109375
1 0.171875 0.7763671875 0.041015625 0.037109375
0 0.228515625 0.7900390625 0.0234375 0.017578125
0 0.091796875 0.98291015625 0.0234375 0.0205078125
0 0.23828125 0.783203125 0.0234375 0.017578125
0 0.0556640625 0.9931640625 0.021484375 0.013671875
0 0.01220703125 0.9658203125 0.0205078125 0.017578125
0 0.0185546875 0.9541015625 0.021484375 0.015625
0 0.0283203125 0.9443359375 0.021484375 0.01953125
4 0.24169921875 0.8681640625 0.0146484375 0.021484375
0 0.2001953125 0.9013671875 0.013671875 0.0234375
0 0.181640625 0.91943359375 0.01171875 0.0224609375
0 0.16943359375 0.9228515625 0.0107421875 0.01953125
0 0.13916015625 0.94287109375 0.0107421875 0.0205078125
0 0.1591796875 0.93017578125 0.01171875 0.0224609375
0 0.1337890625 0.919921875 0.009765625 0.01953125
0 0.12451171875 0.927734375 0.0087890625 0.01953125
0 0.1142578125 0.93603515625 0.009765625 0.0224609375
0 0.08740234375 0.89208984375 0.0224609375 0.0166015625
0 0.1220703125 0.85888671875 0.029296875 0.0244140625
0 0.1328125 0.85107421875 0.0234375 0.0205078125
0 0.1435546875 0.84423828125 0.02734375 0.0205078125
0 0.1533203125 0.837890625 0.0234375 0.01953125
0 0.1708984375 0.82373046875 0.01953125 0.0166015625
1 0.05224609375 0.8330078125 0.0361328125 0.033203125
0 0.08642578125 0.80078125 0.0244140625 0.0234375
4 0.482421875 0.6357421875 0.01171875 0.025390625
4 0.31103515625 0.84521484375 0.0185546875 0.0185546875
0 0.42919921875 0.88623046875 0.0146484375 0.0185546875
0 0.4169921875 0.904296875 0.009765625 0.01953125
0 0.4052734375 0.908203125 0.01171875 0.0234375
0 0.38720703125 0.912109375 0.0126953125 0.0234375
0 0.3740234375 0.91357421875 0.013671875 0.0205078125
4 0.31689453125 0.8408203125 0.0126953125 0.01953125
4 0.30419921875 0.8349609375 0.0185546875 0.021484375
0 0.3984375 0.85546875 0.021484375 0.017578125
0 0.447265625 0.65576171875 0.009765625 0.0205078125
0 0.498046875 0.68603515625 0.009765625 0.0205078125
0 0.48681640625 0.6923828125 0.0087890625 0.021484375
0 0.4755859375 0.6982421875 0.009765625 0.021484375
0 0.5009765625 0.712890625 0.01171875 0.0234375
0 0.4794921875 0.72265625 0.009765625 0.01953125
0 0.46435546875 0.7060546875 0.0087890625 0.021484375
0 0.43212890625 0.7568359375 0.0126953125 0.021484375
0 0.35546875 0.70849609375 0.017578125 0.0166015625
0 0.35595703125 0.65966796875 0.0205078125 0.0185546875
0 0.3037109375 0.662109375 0.01953125 0.017578125
0 0.3359375 0.7236328125 0.021484375 0.017578125
0 0.32568359375 0.73046875 0.0185546875 0.015625
0 0.31298828125 0.7353515625 0.0224609375 0.01953125
0 0.3818359375 0.759765625 0.01171875 0.01953125
0 0.41845703125 0.76806640625 0.0107421875 0.0224609375
0 0.4111328125 0.82080078125 0.01953125 0.0166015625
0 0.40087890625 0.826171875 0.0205078125 0.017578125
0 0.431640625 0.833984375 0.021484375 0.01953125
0 0.42138671875 0.841796875 0.0205078125 0.017578125
0 0.40966796875 0.84912109375 0.0205078125 0.0185546875
5 0.95654296875 0.4912109375 0.0869140625 0.0703125
