4 0.50927734375 0.6298828125 0.0185546875 0.033203125
4 0.388671875 0.724609375 0.015625 0.03125
5 0.0654296875 0.70654296875 0.041015625 0.2001953125
5 0.21044921875 0.5693359375 0.0908203125 0.412109375
5 0.28857421875 0.46533203125 0.0654296875 0.3291015625
5 0.38330078125 0.5283203125 0.1201171875 0.470703125
5 0.537109375 0.4833984375 0.056640625 0.318359375
5 0.74169921875 0.4853515625 0.0732421875 0.404296875
5 0.79638671875 0.47119140625 0.0615234375 0.3681640625
5 0.86279296875 0.49267578125 0.0712890625 0.3349609375
4 0.18505859375 0.724609375 0.0224609375 0.041015625
4 0.34521484375 0.72412109375 0.0205078125 0.0322265625
4 0.37060546875 0.7265625 0.0146484375 0.03125
