4 0.9248046875 0.07177734375 0.015625 0.0322265625
5 0.0751953125 0.76171875 0.0234375 0.03125
5 0.10986328125 0.20361328125 0.0400390625 0.1337890625
5 0.0673828125 0.19970703125 0.048828125 0.1357421875
5 0.03076171875 0.1923828125 0.0419921875 0.13671875
5 0.501953125 0.8095703125 0.025390625 0.029296875
5 0.46923828125 0.80517578125 0.0341796875 0.0283203125
5 0.47900390625 0.7353515625 0.1533203125 0.064453125
5 0.431640625 0.79833984375 0.03515625 0.0361328125
5 0.27685546875 0.78369140625 0.0244140625 0.0322265625
5 0.11962890625 0.76708984375 0.0244140625 0.0302734375
5 0.0390625 0.75732421875 0.025390625 0.0302734375
5 0.16455078125 0.681640625 0.0224609375 0.0390625
5 0.14208984375 0.20068359375 0.0419921875 0.1240234375
5 0.18359375 0.19482421875 0.048828125 0.1474609375
5 0.22705078125 0.18505859375 0.0419921875 0.1591796875
5 0.27099609375 0.18017578125 0.0400390625 0.1708984375
5 0.96875 0.10302734375 0.025390625 0.0439453125
5 0.9072265625 0.0849609375 0.029296875 0.056640625
5 0.8017578125 0.0576171875 0.03515625 0.0546875
5 0.67724609375 0.04052734375 0.0322265625 0.0517578125
5 0.64111328125 0.05078125 0.0205078125 0.048828125
5 0.73095703125 0.04443359375 0.0537109375 0.0576171875
5 0.587890625 0.06201171875 0.078125 0.0673828125
5 0.51513671875 0.072265625 0.0224609375 0.056640625
5 0.466796875 0.08251953125 0.0234375 0.0537109375
5 0.4169921875 0.0888671875 0.025390625 0.056640625
5 0.376953125 0.1728515625 0.044921875 0.162109375
5 0.345703125 0.18603515625 0.0390625 0.1357421875
5 0.302734375 0.1806640625 0.04296875 0.1640625
5 0.19580078125 0.68505859375 0.0244140625 0.0380859375
4 0.6669921875 0.03173828125 0.0234375 0.0380859375
4 0.302734375 0.7763671875 0.017578125 0.029296875
4 0.2626953125 0.775390625 0.017578125 0.03125
4 0.20166015625 0.77197265625 0.0166015625 0.0263671875
4 0.1484375 0.75146484375 0.029296875 0.0166015625
4 0.10498046875 0.76318359375 0.0166015625 0.0283203125
4 0.0927734375 0.685546875 0.017578125 0.041015625
4 0.00830078125 0.67822265625 0.0146484375 0.0283203125
4 0.05029296875 0.68310546875 0.0126953125 0.0283203125
4 0.02490234375 0.75390625 0.0185546875 0.025390625
5 0.1259765625 0.677734375 0.021484375 0.037109375
4 0.52294921875 0.7421875 0.0166015625 0.029296875
4 0.55029296875 0.74560546875 0.0126953125 0.0263671875
4 0.5322265625 0.05224609375 0.017578125 0.0380859375
4 0.6083984375 0.044921875 0.015625 0.033203125
4 0.35986328125 0.7822265625 0.0146484375 0.02734375
4 0.380859375 0.78759765625 0.01171875 0.0341796875
4 0.478515625 0.73291015625 0.015625 0.0302734375
4 0.4658203125 0.7353515625 0.015625 0.029296875
5 0.0380859375 0.6708984375 0.021484375 0.0390625
5 0.00341796875 0.66650390625 0.0048828125 0.0400390625
5 0.2734375 0.693359375 0.02734375 0.04296875
5 0.31982421875 0.69580078125 0.0205078125 0.0361328125
5 0.36962890625 0.71435546875 0.0439453125 0.0380859375
4 0.4306640625 0.072265625 0.017578125 0.03515625
4 0.45458984375 0.06982421875 0.0146484375 0.0322265625
4 0.3291015625 0.11572265625 0.017578125 0.0302734375
4 0.28515625 0.10693359375 0.015625 0.0283203125
4 0.24609375 0.11572265625 0.013671875 0.0302734375
4 0.26953125 0.10693359375 0.013671875 0.0244140625
4 0.10302734375 0.14599609375 0.0126953125 0.0205078125
4 0.08154296875 0.1513671875 0.0185546875 0.03125
4 0.02197265625 0.146484375 0.0166015625 0.02734375
4 0.2255859375 0.71484375 0.033203125 0.015625
4 0.26904296875 0.71826171875 0.0283203125 0.0146484375
4 0.2900390625 0.7021484375 0.013671875 0.02734375
4 0.306640625 0.70849609375 0.015625 0.0283203125
4 0.3798828125 0.7265625 0.029296875 0.017578125
4 0.4169921875 0.728515625 0.017578125 0.037109375
4 0.451171875 0.73193359375 0.017578125 0.0341796875
