5 0.08154296875 0.9892578125 0.0439453125 0.021484375
5 0.82373046875 0.77978515625 0.0693359375 0.0537109375
5 0.86328125 0.830078125 0.072265625 0.05859375
5 0.89697265625 0.87841796875 0.0830078125 0.0673828125
5 0.9033203125 0.935546875 0.0546875 0.04296875
5 0.7744140625 0.72802734375 0.0546875 0.0478515625
5 0.7470703125 0.69140625 0.0546875 0.048828125
5 0.701171875 0.6171875 0.064453125 0.056640625
5 0.27294921875 0.19970703125 0.0322265625 0.1064453125
5 0.01708984375 0.181640625 0.0322265625 0.0859375
5 0.0703125 0.1796875 0.06640625 0.103515625
5 0.134765625 0.20556640625 0.03125 0.0634765625
5 0.2099609375 0.18701171875 0.0546875 0.1162109375
5 0.33154296875 0.23486328125 0.0361328125 0.0537109375
5 0.6787109375 0.55078125 0.1015625 0.0859375
5 0.390625 0.2431640625 0.05859375 0.064453125
5 0.46875 0.28955078125 0.0703125 0.0634765625
5 0.509765625 0.35693359375 0.046875 0.0380859375
5 0.568359375 0.3828125 0.099609375 0.06640625
5 0.58544921875 0.45068359375 0.0556640625 0.0478515625
5 0.62255859375 0.5048828125 0.0634765625 0.056640625
5 0.02294921875 0.98681640625 0.0400390625 0.0263671875
5 0.00732421875 0.97412109375 0.0126953125 0.0283203125
4 0.1083984375 0.990234375 0.013671875 0.01953125
4 0.0263671875 0.9873046875 0.015625 0.021484375
4 0.87646484375 0.99169921875 0.0166015625 0.0166015625
4 0.6630859375 0.59228515625 0.025390625 0.0224609375
4 0.67724609375 0.6123046875 0.0322265625 0.029296875
4 0.6220703125 0.529296875 0.029296875 0.025390625
4 0.115234375 0.220703125 0.017578125 0.03125
4 0.4384765625 0.27978515625 0.03125 0.0283203125
4 0.4541015625 0.3017578125 0.029296875 0.025390625
4 0.53125 0.3828125 0.033203125 0.029296875
4 0.564453125 0.4453125 0.02734375 0.0234375
4 0.63525390625 0.5498046875 0.0341796875 0.029296875
