4 0.546875 0.46435546875 0.033203125 0.0302734375
5 0.71435546875 0.13720703125 0.1494140625 0.2724609375
5 0.6845703125 0.23828125 0.119140625 0.16796875
5 0.52880859375 0.2958984375 0.1826171875 0.263671875
5 0.4423828125 0.3349609375 0.208984375 0.28515625
5 0.35693359375 0.4677734375 0.1201171875 0.16015625
5 0.21875 0.576171875 0.056640625 0.080078125
5 0.08837890625 0.650390625 0.0576171875 0.09765625
5 0.0234375 0.7001953125 0.044921875 0.08984375
5 0.78173828125 0.9287109375 0.0478515625 0.138671875
