4 0.6171875 0.7734375 0.060546875 0.044921875
4 0.57763671875 0.66162109375 0.0498046875 0.0380859375
4 0.60107421875 0.185546875 0.0478515625 0.03125
5 0.5791015625 0.9384765625 0.26953125 0.123046875
5 0.517578125 0.84033203125 0.28515625 0.1357421875
5 0.48486328125 0.7216796875 0.2529296875 0.115234375
5 0.45068359375 0.59814453125 0.2138671875 0.1005859375
5 0.4375 0.484375 0.197265625 0.087890625
5 0.4296875 0.32080078125 0.474609375 0.1904296875
5 0.3759765625 0.25634765625 0.52734375 0.2216796875
