5 0.10107421875 0.9404296875 0.0654296875 0.119140625
5 0.15478515625 0.92236328125 0.0576171875 0.1201171875
5 0.22802734375 0.91552734375 0.0751953125 0.1689453125
9 0.06640625 0.8193359375 0.03125 0.05078125
5 0.4375 0.83837890625 0.03125 0.0634765625
5 0.515625 0.794921875 0.021484375 0.046875
5 0.6689453125 0.830078125 0.095703125 0.228515625
5 0.7021484375 0.80029296875 0.078125 0.1806640625
5 0.7451171875 0.740234375 0.060546875 0.10546875
5 0.82763671875 0.7880859375 0.1201171875 0.236328125
5 0.93505859375 0.751953125 0.1298828125 0.240234375
5 0.96630859375 0.67578125 0.0673828125 0.126953125
5 0.990234375 0.59716796875 0.01953125 0.0439453125
