5 0.14111328125 0.46142578125 0.0283203125 0.0283203125
5 0.212890625 0.72705078125 0.033203125 0.0458984375
5 0.2001953125 0.67822265625 0.03125 0.0263671875
5 0.18505859375 0.62451171875 0.0341796875 0.0283203125
5 0.2568359375 0.60595703125 0.033203125 0.0302734375
5 0.16845703125 0.57080078125 0.0302734375 0.0263671875
5 0.2421875 0.54150390625 0.0390625 0.0263671875
5 0.15625 0.51513671875 0.029296875 0.0302734375
5 0.2294921875 0.49951171875 0.037109375 0.0283203125
5 0.21533203125 0.44189453125 0.0341796875 0.0263671875
5 0.2294921875 0.78857421875 0.03125 0.0302734375
5 0.12451171875 0.39697265625 0.0322265625 0.0361328125
5 0.2041015625 0.38671875 0.03515625 0.02734375
5 0.11181640625 0.3525390625 0.0302734375 0.025390625
5 0.1875 0.33349609375 0.03125 0.0302734375
5 0.09716796875 0.29833984375 0.0322265625 0.0322265625
5 0.16845703125 0.2763671875 0.0302734375 0.025390625
5 0.1552734375 0.22509765625 0.029296875 0.0283203125
5 0.0859375 0.2470703125 0.03125 0.029296875
5 0.28955078125 0.7158203125 0.0322265625 0.025390625
5 0.30224609375 0.771484375 0.0322265625 0.02734375
5 0.2451171875 0.84375 0.033203125 0.03125
5 0.28466796875 0.994140625 0.0302734375 0.01171875
5 0.36376953125 0.97802734375 0.0361328125 0.0224609375
5 0.27099609375 0.94873046875 0.0322265625 0.0244140625
5 0.35205078125 0.9287109375 0.0419921875 0.03125
5 0.255859375 0.8916015625 0.0390625 0.04296875
5 0.3359375 0.87451171875 0.03515625 0.0283203125
5 0.3193359375 0.822265625 0.037109375 0.029296875
5 0.07080078125 0.1962890625 0.0341796875 0.041015625
5 0.1396484375 0.1650390625 0.037109375 0.041015625
5 0.056640625 0.13427734375 0.029296875 0.0283203125
5 0.740234375 0.8076171875 0.02734375 0.015625
5 0.787109375 0.978515625 0.03125 0.029296875
5 0.7783203125 0.931640625 0.037109375 0.03125
5 0.6982421875 0.9541015625 0.03125 0.052734375
5 0.759765625 0.87841796875 0.029296875 0.0263671875
5 0.677734375 0.90087890625 0.033203125 0.0263671875
5 0.66455078125 0.84521484375 0.0283203125 0.0244140625
5 0.11376953125 0.08251953125 0.0263671875 0.0283203125
5 0.73291015625 0.7646484375 0.0341796875 0.03125
5 0.64990234375 0.7919921875 0.0341796875 0.0234375
5 0.71826171875 0.71533203125 0.0361328125 0.0283203125
5 0.63330078125 0.73583984375 0.0400390625 0.0322265625
5 0.70556640625 0.66259765625 0.0361328125 0.0283203125
5 0.62109375 0.6796875 0.03515625 0.03125
5 0.68896484375 0.6064453125 0.0302734375 0.029296875
5 0.60595703125 0.62841796875 0.0361328125 0.0302734375
5 0.03857421875 0.08056640625 0.0341796875 0.0283203125
5 0.17578125 0.013671875 0.052734375 0.025390625
5 0.67431640625 0.552734375 0.0322265625 0.03125
5 0.9951171875 0.52294921875 0.009765625 0.0224609375
5 0.986328125 0.4638671875 0.02734375 0.02734375
5 0.974609375 0.4130859375 0.033203125 0.029296875
5 0.9609375 0.357421875 0.03515625 0.02734375
5 0.94873046875 0.30224609375 0.0283203125 0.0263671875
5 0.58935546875 0.57470703125 0.0322265625 0.0263671875
5 0.5771484375 0.5205078125 0.029296875 0.029296875
5 0.6591796875 0.49755859375 0.029296875 0.0263671875
5 0.9189453125 0.19287109375 0.029296875 0.0263671875
5 0.98193359375 0.119140625 0.0283203125 0.025390625
5 0.90576171875 0.140625 0.0302734375 0.029296875
5 0.96728515625 0.064453125 0.0322265625 0.029296875
5 0.87451171875 0.03125 0.0302734375 0.029296875
5 0.93359375 0.248046875 0.03515625 0.03125
5 0.99072265625 0.177734375 0.0185546875 0.02734375
5 0.9970703125 0.22900390625 0.005859375 0.0263671875
5 0.50439453125 0.248046875 0.0322265625 0.03125
5 0.6455078125 0.44140625 0.033203125 0.025390625
5 0.5615234375 0.4658203125 0.029296875 0.029296875
5 0.63037109375 0.388671875 0.0341796875 0.02734375
5 0.5498046875 0.41015625 0.029296875 0.029296875
5 0.61474609375 0.3310546875 0.0341796875 0.03125
5 0.5322265625 0.3583984375 0.03125 0.029296875
5 0.599609375 0.28125 0.033203125 0.03125
5 0.51513671875 0.3046875 0.0361328125 0.029296875
5 0.5849609375 0.2265625 0.029296875 0.029296875
5 0.48974609375 0.193359375 0.0302734375 0.02734375
5 0.57080078125 0.17041015625 0.0341796875 0.0302734375
5 0.4736328125 0.13916015625 0.025390625 0.0244140625
5 0.552734375 0.12158203125 0.033203125 0.0302734375
5 0.4619140625 0.0849609375 0.029296875 0.033203125
5 0.54052734375 0.0634765625 0.0341796875 0.03125
5 0.43994140625 0.02783203125 0.0380859375 0.0322265625
5 0.3720703125 0.00732421875 0.0234375 0.0126953125
