5 0.732421875 0.04052734375 0.05078125 0.0244140625
5 0.8056640625 0.3388671875 0.052734375 0.037109375
5 0.8837890625 0.29248046875 0.046875 0.0341796875
5 0.787109375 0.263671875 0.048828125 0.03125
5 0.77587890625 0.203125 0.0478515625 0.029296875
5 0.85595703125 0.1806640625 0.0439453125 0.033203125
5 0.76220703125 0.15087890625 0.0478515625 0.0341796875
5 0.84912109375 0.1435546875 0.0478515625 0.02734375
5 0.83349609375 0.07177734375 0.0556640625 0.0400390625
5 0.81689453125 0.01904296875 0.0478515625 0.0283203125
5 0.921875 0.40185546875 0.048828125 0.0361328125
5 0.89892578125 0.34521484375 0.0517578125 0.0380859375
5 0.82470703125 0.41552734375 0.0419921875 0.0322265625
5 0.94091796875 0.45556640625 0.0595703125 0.0322265625
5 0.96435546875 0.61474609375 0.0302734375 0.0302734375
5 0.916015625 0.6181640625 0.02734375 0.02734375
5 0.87646484375 0.58349609375 0.0400390625 0.0302734375
5 0.85546875 0.53564453125 0.056640625 0.0322265625
5 0.97216796875 0.56005859375 0.0556640625 0.0380859375
5 0.95849609375 0.509765625 0.0615234375 0.033203125
5 0.01171875 0.12353515625 0.021484375 0.0322265625
5 0.01708984375 0.17431640625 0.0322265625 0.0322265625
5 0.11767578125 0.84033203125 0.0244140625 0.0283203125
5 0.09228515625 0.5029296875 0.0458984375 0.029296875
5 0.06396484375 0.7431640625 0.0537109375 0.033203125
5 0.1474609375 0.72216796875 0.041015625 0.0283203125
5 0.0517578125 0.69189453125 0.046875 0.0302734375
5 0.13330078125 0.6630859375 0.0439453125 0.029296875
5 0.037109375 0.62646484375 0.048828125 0.0361328125
5 0.125 0.61474609375 0.046875 0.0283203125
5 0.02392578125 0.58056640625 0.0458984375 0.0283203125
5 0.111328125 0.5703125 0.046875 0.04296875
5 0.01318359375 0.4658203125 0.0244140625 0.025390625
5 0.07763671875 0.44775390625 0.0498046875 0.0302734375
5 0.00537109375 0.41357421875 0.0087890625 0.0205078125
5 0.0634765625 0.40185546875 0.044921875 0.0322265625
5 0.0478515625 0.34033203125 0.044921875 0.0302734375
5 0.0361328125 0.294921875 0.044921875 0.033203125
5 0.02197265625 0.23046875 0.0419921875 0.025390625
5 0.08203125 0.79296875 0.04296875 0.025390625
5 0.4560546875 0.23291015625 0.05078125 0.0302734375
5 0.314453125 0.1123046875 0.0546875 0.056640625
5 0.42236328125 0.072265625 0.0595703125 0.03515625
5 0.47119140625 0.2861328125 0.0458984375 0.03125
5 0.35791015625 0.2587890625 0.0576171875 0.03515625
5 0.365234375 0.296875 0.048828125 0.02734375
5 0.56005859375 0.6640625 0.0361328125 0.02734375
5 0.4931640625 0.7294921875 0.0390625 0.025390625
5 0.55419921875 0.71923828125 0.0263671875 0.0361328125
5 0.4716796875 0.69921875 0.060546875 0.037109375
5 0.4609375 0.625 0.052734375 0.04296875
5 0.48291015625 0.3447265625 0.0478515625 0.029296875
5 0.55078125 0.59716796875 0.05859375 0.0419921875
5 0.45068359375 0.58447265625 0.0439453125 0.0302734375
5 0.52783203125 0.529296875 0.0498046875 0.0390625
5 0.431640625 0.5283203125 0.052734375 0.03125
5 0.4189453125 0.478515625 0.056640625 0.033203125
5 0.4921875 0.4423828125 0.03125 0.080078125
5 0.41064453125 0.43408203125 0.0576171875 0.0341796875
5 0.39306640625 0.35986328125 0.0517578125 0.0400390625
