5 0.01416015625 0.3359375 0.0263671875 0.03125
5 0.0791015625 0.29248046875 0.046875 0.0341796875
5 0.00390625 0.2587890625 0.005859375 0.021484375
5 0.05126953125 0.1806640625 0.0439453125 0.033203125
5 0.04443359375 0.1435546875 0.0478515625 0.02734375
5 0.02880859375 0.07177734375 0.0556640625 0.0400390625
5 0.0185546875 0.01806640625 0.03515625 0.0263671875
5 0.1171875 0.40185546875 0.048828125 0.0361328125
5 0.09423828125 0.34521484375 0.0517578125 0.0380859375
5 0.02099609375 0.41552734375 0.0400390625 0.0322265625
5 0.13623046875 0.45556640625 0.0595703125 0.0322265625
5 0.15966796875 0.61474609375 0.0302734375 0.0302734375
5 0.111328125 0.6181640625 0.02734375 0.02734375
5 0.07177734375 0.58349609375 0.0400390625 0.0302734375
5 0.05078125 0.53564453125 0.056640625 0.0322265625
5 0.16845703125 0.56005859375 0.0576171875 0.0380859375
5 0.15380859375 0.509765625 0.0615234375 0.033203125
5 0.462890625 0.0712890625 0.0546875 0.03125
5 0.51611328125 0.3046875 0.0556640625 0.03125
5 0.42578125 0.31298828125 0.044921875 0.0302734375
5 0.50390625 0.2509765625 0.0546875 0.037109375
5 0.4091796875 0.26708984375 0.046875 0.0263671875
5 0.39453125 0.2041015625 0.048828125 0.03125
5 0.48486328125 0.1669921875 0.0498046875 0.029296875
5 0.3759765625 0.1240234375 0.0390625 0.029296875
5 0.47509765625 0.12646484375 0.0498046875 0.0341796875
5 0.35009765625 0.04345703125 0.0341796875 0.0283203125
5 0.4326171875 0.369140625 0.04296875 0.029296875
5 0.43798828125 0.01220703125 0.0517578125 0.0224609375
5 0.52587890625 0.3427734375 0.0556640625 0.03515625
5 0.44921875 0.42236328125 0.044921875 0.0302734375
5 0.53662109375 0.40234375 0.0400390625 0.025390625
5 0.56005859375 0.48779296875 0.0595703125 0.0263671875
5 0.49267578125 0.49951171875 0.0302734375 0.0361328125
5 0.5654296875 0.451171875 0.060546875 0.0390625
5 0.9658203125 0.2333984375 0.03125 0.029296875
5 0.91552734375 0.2080078125 0.0361328125 0.03125
5 0.89892578125 0.15478515625 0.0341796875 0.0263671875
5 0.81005859375 0.119140625 0.0341796875 0.03125
5 0.884765625 0.09326171875 0.037109375 0.0263671875
5 0.79248046875 0.05859375 0.0263671875 0.025390625
5 0.87158203125 0.044921875 0.0380859375 0.02734375
5 0.779296875 0.01171875 0.029296875 0.021484375
5 0.8388671875 0.2236328125 0.02734375 0.025390625
5 0.97021484375 0.29150390625 0.0244140625 0.0322265625
5 0.76220703125 0.34521484375 0.0263671875 0.0322265625
5 0.8115234375 0.33349609375 0.025390625 0.0302734375
5 0.8662109375 0.31884765625 0.029296875 0.0322265625
5 0.916015625 0.30615234375 0.025390625 0.0322265625
