5 0.4130859375 0.41650390625 0.01953125 0.0302734375
5 0.650390625 0.57958984375 0.046875 0.0595703125
5 0.697265625 0.5810546875 0.029296875 0.056640625
5 0.755859375 0.57470703125 0.025390625 0.0615234375
5 0.81298828125 0.57763671875 0.0283203125 0.0615234375
5 0.87353515625 0.57763671875 0.0283203125 0.0595703125
5 0.9296875 0.58056640625 0.0234375 0.0458984375
5 0.9462890625 0.4248046875 0.02734375 0.04296875
5 0.82080078125 0.42724609375 0.0263671875 0.0322265625
5 0.75439453125 0.4140625 0.0224609375 0.046875
5 0.64208984375 0.4169921875 0.0205078125 0.01953125
5 0.5810546875 0.40673828125 0.0234375 0.0478515625
5 0.5419921875 0.41064453125 0.0234375 0.0263671875
5 0.470703125 0.4189453125 0.02734375 0.029296875
5 0.34619140625 0.4111328125 0.0341796875 0.02734375
5 0.294921875 0.400390625 0.03515625 0.068359375
5 0.17578125 0.39501953125 0.029296875 0.0576171875
5 0.11865234375 0.38671875 0.0224609375 0.04296875
5 0.06982421875 0.392578125 0.0283203125 0.05859375
5 0.0107421875 0.38671875 0.01953125 0.052734375
5 0.5810546875 0.57958984375 0.0234375 0.0576171875
5 0.53564453125 0.5693359375 0.0576171875 0.072265625
5 0.42431640625 0.556640625 0.0439453125 0.078125
5 0.51513671875 0.837890625 0.0263671875 0.078125
5 0.02685546875 0.8623046875 0.0322265625 0.13671875
5 0.14306640625 0.83544921875 0.0263671875 0.1962890625
5 0.04150390625 0.5361328125 0.0205078125 0.044921875
5 0.92822265625 0.88037109375 0.0302734375 0.1357421875
5 0.85986328125 0.884765625 0.0322265625 0.119140625
5 0.8046875 0.86865234375 0.03515625 0.1435546875
5 0.7470703125 0.86572265625 0.03125 0.1455078125
5 0.69091796875 0.869140625 0.0283203125 0.140625
5 0.57421875 0.8681640625 0.033203125 0.14453125
