5 0.01220703125 0.16796875 0.0224609375 0.0234375
5 0.05859375 0.38330078125 0.05078125 0.0341796875
5 0.1572265625 0.35302734375 0.05078125 0.0361328125
5 0.04541015625 0.32958984375 0.0439453125 0.0302734375
5 0.1435546875 0.30615234375 0.048828125 0.0302734375
5 0.03271484375 0.2744140625 0.0302734375 0.02734375
5 0.1171875 0.25 0.041015625 0.03125
5 0.02099609375 0.21728515625 0.0302734375 0.0302734375
5 0.109375 0.19091796875 0.046875 0.0283203125
5 0.0966796875 0.13671875 0.046875 0.02734375
5 0.0068359375 0.107421875 0.01171875 0.021484375
5 0.0751953125 0.0888671875 0.04296875 0.03125
5 0.0615234375 0.03369140625 0.056640625 0.0322265625
5 0.17333984375 0.42626953125 0.0478515625 0.0302734375
5 0.07470703125 0.4375 0.0478515625 0.029296875
5 0.08740234375 0.49267578125 0.0498046875 0.0322265625
5 0.1904296875 0.5087890625 0.056640625 0.037109375
5 0.224609375 0.98193359375 0.05078125 0.0341796875
5 0.29931640625 0.96142578125 0.0322265625 0.0263671875
5 0.22119140625 0.92333984375 0.0283203125 0.0244140625
5 0.2978515625 0.8974609375 0.0546875 0.03125
5 0.19580078125 0.88134765625 0.0458984375 0.0322265625
5 0.17822265625 0.81494140625 0.0458984375 0.0244140625
5 0.26611328125 0.787109375 0.0595703125 0.04296875
5 0.16552734375 0.7734375 0.0458984375 0.029296875
5 0.24267578125 0.69091796875 0.0576171875 0.0400390625
5 0.1474609375 0.7099609375 0.044921875 0.03515625
5 0.12646484375 0.6611328125 0.0595703125 0.033203125
5 0.22265625 0.62548828125 0.056640625 0.0322265625
5 0.1142578125 0.609375 0.0625 0.044921875
5 0.212890625 0.57470703125 0.05078125 0.0322265625
5 0.10107421875 0.546875 0.0576171875 0.033203125
5 0.94580078125 0.46142578125 0.0283203125 0.0283203125
5 0.99462890625 0.68017578125 0.0107421875 0.0224609375
5 0.986328125 0.62451171875 0.02734375 0.0283203125
5 0.97314453125 0.57080078125 0.0302734375 0.0263671875
5 0.9609375 0.51513671875 0.029296875 0.0302734375
5 0.92919921875 0.39697265625 0.0322265625 0.0361328125
5 0.99560546875 0.3896484375 0.0087890625 0.021484375
5 0.91650390625 0.3525390625 0.0302734375 0.025390625
5 0.98828125 0.33349609375 0.0234375 0.0302734375
5 0.90185546875 0.29833984375 0.0322265625 0.0322265625
5 0.97314453125 0.2763671875 0.0302734375 0.025390625
5 0.9599609375 0.22509765625 0.029296875 0.0283203125
5 0.890625 0.2470703125 0.03125 0.029296875
5 0.87548828125 0.1962890625 0.0341796875 0.041015625
5 0.9443359375 0.1650390625 0.037109375 0.041015625
5 0.861328125 0.13427734375 0.029296875 0.0283203125
5 0.91845703125 0.08251953125 0.0263671875 0.0283203125
5 0.84326171875 0.08056640625 0.0341796875 0.0283203125
5 0.97705078125 0.013671875 0.0458984375 0.025390625
5 0.67724609375 0.7666015625 0.0322265625 0.02734375
5 0.66162109375 0.99365234375 0.0263671875 0.0126953125
5 0.64990234375 0.9501953125 0.0322265625 0.02734375
5 0.7236328125 0.93212890625 0.037109375 0.0244140625
5 0.6337890625 0.896484375 0.029296875 0.02734375
5 0.7041015625 0.875 0.033203125 0.03125
5 0.6181640625 0.8408203125 0.03125 0.02734375
5 0.68994140625 0.8203125 0.0302734375 0.029296875
5 0.60400390625 0.78515625 0.0302734375 0.025390625
5 0.587890625 0.73388671875 0.02734375 0.0263671875
5 0.6630859375 0.70654296875 0.03125 0.0263671875
5 0.5703125 0.681640625 0.033203125 0.02734375
5 0.64697265625 0.6572265625 0.0302734375 0.0234375
5 0.5576171875 0.62255859375 0.02734375 0.0302734375
5 0.634765625 0.60302734375 0.033203125 0.0263671875
5 0.54296875 0.5673828125 0.03125 0.025390625
5 0.6181640625 0.5478515625 0.033203125 0.03125
5 0.60791015625 0.4921875 0.0322265625 0.02734375
5 0.73388671875 0.9833984375 0.0283203125 0.025390625
5 0.52880859375 0.5146484375 0.0302734375 0.03125
5 0.5146484375 0.458984375 0.03515625 0.033203125
5 0.59375 0.435546875 0.0390625 0.02734375
5 0.5 0.40478515625 0.029296875 0.0302734375
5 0.5771484375 0.38671875 0.033203125 0.02734375
5 0.48583984375 0.3515625 0.0302734375 0.029296875
5 0.47119140625 0.2978515625 0.0322265625 0.033203125
5 0.544921875 0.27587890625 0.03125 0.0302734375
5 0.4580078125 0.2470703125 0.029296875 0.029296875
5 0.52978515625 0.22216796875 0.0302734375 0.0322265625
5 0.44482421875 0.1884765625 0.0302734375 0.02734375
5 0.51220703125 0.16015625 0.0341796875 0.03125
5 0.4296875 0.13427734375 0.03125 0.0302734375
5 0.59912109375 0.06591796875 0.0283203125 0.0302734375
5 0.4130859375 0.076171875 0.033203125 0.02734375
5 0.39794921875 0.0126953125 0.0341796875 0.0234375
5 0.42724609375 0.00732421875 0.0166015625 0.0126953125
5 0.455078125 0.00634765625 0.017578125 0.0107421875
