9 0.88916015625 0.8056640625 0.0771484375 0.05859375
5 0.291015625 0.9560546875 0.033203125 0.033203125
5 0.25244140625 0.98974609375 0.0341796875 0.0205078125
5 0.32470703125 0.91650390625 0.0380859375 0.0380859375
5 0.37451171875 0.875 0.0361328125 0.033203125
5 0.45654296875 0.7822265625 0.0341796875 0.033203125
5 0.54052734375 0.7041015625 0.0341796875 0.033203125
5 0.57373046875 0.66748046875 0.0341796875 0.0361328125
5 0.642578125 0.5849609375 0.03125 0.03125
5 0.68505859375 0.5390625 0.0322265625 0.03125
5 0.732421875 0.48388671875 0.033203125 0.0322265625
5 0.76611328125 0.4462890625 0.0322265625 0.03125
5 0.80419921875 0.40625 0.0302734375 0.029296875
5 0.837890625 0.36669921875 0.03515625 0.0341796875
5 0.875 0.31982421875 0.033203125 0.0322265625
5 0.91015625 0.2783203125 0.03125 0.03125
5 0.9599609375 0.23193359375 0.03125 0.0322265625
5 0.416015625 0.81396484375 0.044921875 0.0419921875
