5 0.9775390625 0.23388671875 0.033203125 0.0322265625
5 0.94091796875 0.26953125 0.0380859375 0.0390625
5 0.82861328125 0.3662109375 0.0400390625 0.041015625
5 0.78564453125 0.39892578125 0.0439453125 0.0419921875
5 0.701171875 0.47705078125 0.041015625 0.0400390625
5 0.6591796875 0.513671875 0.048828125 0.044921875
5 0.5830078125 0.5927734375 0.048828125 0.046875
5 0.54736328125 0.630859375 0.0458984375 0.044921875
5 0.4638671875 0.70703125 0.041015625 0.0390625
5 0.423828125 0.73828125 0.03515625 0.037109375
5 0.38134765625 0.78369140625 0.0361328125 0.0341796875
5 0.35009765625 0.8232421875 0.0361328125 0.03515625
5 0.3203125 0.86865234375 0.03125 0.0302734375
5 0.27880859375 0.9443359375 0.0458984375 0.048828125
5 0.25 0.98876953125 0.0390625 0.0224609375
9 0.97900390625 0.63623046875 0.0419921875 0.0556640625
