5 0.0341796875 0.4365234375 0.06640625 0.068359375
5 0.1767578125 0.630859375 0.08203125 0.08203125
5 0.2802734375 0.744140625 0.072265625 0.068359375
5 0.04833984375 0.86865234375 0.0751953125 0.0771484375
5 0.38037109375 0.83447265625 0.0712890625 0.0693359375
5 0.126953125 0.95703125 0.087890625 0.0859375
5 0.47998046875 0.93896484375 0.0732421875 0.0751953125
0 0.30419921875 0.41015625 0.0361328125 0.037109375
0 0.1845703125 0.28271484375 0.037109375 0.0419921875
0 0.26806640625 0.18212890625 0.0400390625 0.0419921875
0 0.31640625 0.1923828125 0.037109375 0.03515625
0 0.197265625 0.0849609375 0.041015625 0.04296875
0 0.177734375 0.07470703125 0.037109375 0.0458984375
5 0.47021484375 0.03662109375 0.0869140625 0.0712890625
5 0.77685546875 0.0263671875 0.0615234375 0.05078125
5 0.54931640625 0.1181640625 0.0849609375 0.08984375
5 0.861328125 0.119140625 0.05859375 0.0546875
5 0.65380859375 0.22607421875 0.0673828125 0.0693359375
5 0.83447265625 0.40966796875 0.0576171875 0.0595703125
5 0.9638671875 0.234375 0.072265625 0.083984375
5 0.96044921875 0.53857421875 0.0439453125 0.0458984375
