5 0.20556640625 0.27294921875 0.1396484375 0.1552734375
5 0.47314453125 0.703125 0.0810546875 0.087890625
5 0.359375 0.83544921875 0.05859375 0.0615234375
5 0.2666015625 0.9794921875 0.0546875 0.041015625
5 0.63720703125 0.9853515625 0.0478515625 0.029296875
5 0.7568359375 0.943359375 0.12109375 0.099609375
5 0.76806640625 0.837890625 0.0908203125 0.048828125
5 0.80517578125 0.7333984375 0.0966796875 0.083984375
5 0.81494140625 0.6357421875 0.0947265625 0.05859375
5 0.7255859375 0.52978515625 0.056640625 0.0478515625
5 0.64990234375 0.45703125 0.0595703125 0.05078125
5 0.51220703125 0.11962890625 0.2294921875 0.2333984375
5 0.05419921875 0.4482421875 0.1064453125 0.12890625
5 0.65625 0.06396484375 0.169921875 0.1240234375
