5 0.92138671875 0.69580078125 0.1572265625 0.2001953125
5 0.94775390625 0.60107421875 0.1044921875 0.1845703125
5 0.84228515625 0.71240234375 0.1943359375 0.2509765625
5 0.77392578125 0.7646484375 0.2021484375 0.26171875
5 0.697265625 0.87841796875 0.119140625 0.1572265625
5 0.62939453125 0.89892578125 0.1298828125 0.2021484375
5 0.55712890625 0.896484375 0.1494140625 0.20703125
5 0.54541015625 0.9609375 0.0791015625 0.078125
5 0.439453125 0.93359375 0.103515625 0.1328125
5 0.3408203125 0.9521484375 0.09375 0.095703125
