8 0.10498046875 0.2841796875 0.1416015625 0.1875
8 0.24658203125 0.06005859375 0.1259765625 0.1181640625
8 0.36572265625 0.0859375 0.1240234375 0.169921875
8 0.5048828125 0.45166015625 0.140625 0.1904296875
8 0.38427734375 0.39990234375 0.1396484375 0.1884765625
8 0.64990234375 0.19677734375 0.1435546875 0.1884765625
8 0.537109375 0.14697265625 0.142578125 0.1904296875
8 0.34033203125 0.70166015625 0.1396484375 0.1884765625
8 0.2216796875 0.65087890625 0.140625 0.1884765625
8 0.06591796875 0.58349609375 0.1298828125 0.1865234375
8 0.22509765625 0.3349609375 0.1416015625 0.189453125
0 0.9208984375 0.76953125 0.025390625 0.0390625
0 0.93359375 0.8095703125 0.025390625 0.0390625
