0 0.9140625 0.1591796875 0.037109375 0.041015625
8 0.10498046875 0.8564453125 0.1416015625 0.1875
8 0.2548828125 0.5966796875 0.142578125 0.189453125
8 0.37451171875 0.64892578125 0.1416015625 0.1884765625
8 0.5224609375 0.96435546875 0.10546875 0.0712890625
8 0.3916015625 0.93896484375 0.125 0.1220703125
8 0.64990234375 0.76904296875 0.1435546875 0.1884765625
8 0.537109375 0.71923828125 0.142578125 0.1904296875
8 0.22509765625 0.90625 0.1416015625 0.1875
9 0.79931640625 0.478515625 0.2060546875 0.18359375
8 0.4912109375 0.38037109375 0.142578125 0.1884765625
