1 0.97900390625 0.37646484375 0.0419921875 0.0478515625
0 0.70947265625 0.59326171875 0.0419921875 0.0400390625
0 0.6064453125 0.7255859375 0.041015625 0.037109375
0 0.62158203125 0.71240234375 0.0400390625 0.0380859375
0 0.73095703125 0.74951171875 0.0478515625 0.0419921875
0 0.7490234375 0.73046875 0.046875 0.044921875
0 0.70361328125 0.802734375 0.0458984375 0.041015625
0 0.69873046875 0.60888671875 0.0400390625 0.0380859375
0 0.73974609375 0.5576171875 0.0458984375 0.0390625
0 0.65283203125 0.64013671875 0.0400390625 0.0361328125
0 0.81201171875 0.6328125 0.0615234375 0.0546875
0 0.76416015625 0.70947265625 0.0556640625 0.0478515625
0 0.7978515625 0.4404296875 0.05859375 0.05078125
0 0.64453125 0.6669921875 0.052734375 0.052734375
0 0.9111328125 0.48779296875 0.05078125 0.0478515625
0 0.958984375 0.41845703125 0.0546875 0.0478515625
0 0.5439453125 0.68212890625 0.044921875 0.0380859375
0 0.333984375 0.39599609375 0.0546875 0.0439453125
0 0.87939453125 0.3388671875 0.0498046875 0.04296875
1 0.83447265625 0.02490234375 0.0517578125 0.0478515625
1 0.86181640625 0.03466796875 0.0556640625 0.0634765625
1 0.982421875 0.06298828125 0.03515625 0.0615234375
1 0.65380859375 0.1669921875 0.0693359375 0.0859375
0 0.32470703125 0.267578125 0.0458984375 0.05078125
1 0.7392578125 0.189453125 0.068359375 0.091796875
1 0.328125 0.36376953125 0.083984375 0.0595703125
1 0.90087890625 0.26123046875 0.0595703125 0.0517578125
1 0.86474609375 0.359375 0.0537109375 0.046875
0 0.84814453125 0.37548828125 0.0439453125 0.0400390625
0 0.7646484375 0.2998046875 0.033203125 0.041015625
0 0.78759765625 0.66943359375 0.0498046875 0.0458984375
1 0.8857421875 0.0517578125 0.048828125 0.0546875
1 0.93115234375 0.4658203125 0.0615234375 0.0546875
1 0.9736328125 0.3984375 0.05078125 0.04296875
1 0.7763671875 0.22607421875 0.048828125 0.0576171875
1 0.97705078125 0.14599609375 0.0458984375 0.0654296875
1 0.8994140625 0.07958984375 0.046875 0.0556640625
1 0.521484375 0.73046875 0.0703125 0.056640625
1 0.98974609375 0.3564453125 0.0205078125 0.029296875
0 0.7841796875 0.4892578125 0.04296875 0.041015625
0 0.8408203125 0.5849609375 0.04296875 0.0390625
1 0.5576171875 0.63916015625 0.060546875 0.0478515625
1 0.529296875 0.701171875 0.060546875 0.048828125
0 0.78759765625 0.3037109375 0.0361328125 0.044921875
0 0.8271484375 0.27294921875 0.04296875 0.0498046875
0 0.79345703125 0.244140625 0.0419921875 0.05078125
0 0.7451171875 0.21923828125 0.033203125 0.0419921875
0 0.6865234375 0.23681640625 0.03515625 0.0400390625
0 0.7021484375 0.248046875 0.037109375 0.041015625
0 0.71484375 0.26416015625 0.04296875 0.0458984375
0 0.71728515625 0.18115234375 0.0361328125 0.0380859375
0 0.98876953125 0.09912109375 0.0224609375 0.0322265625
1 0.36669921875 0.34375 0.0478515625 0.041015625
0 0.44482421875 0.517578125 0.0478515625 0.05078125
1 0.36865234375 0.3134765625 0.0615234375 0.046875
1 0.384765625 0.294921875 0.056640625 0.046875
