9 0.8330078125 0.54443359375 0.029296875 0.0439453125
9 0.79833984375 0.638671875 0.0283203125 0.044921875
9 0.85986328125 0.2578125 0.0458984375 0.029296875
9 0.623046875 0.52099609375 0.0234375 0.0322265625
9 0.62255859375 0.923828125 0.0361328125 0.046875
9 0.7373046875 0.83984375 0.025390625 0.037109375
5 0.08984375 0.15869140625 0.177734375 0.0595703125
5 0.34521484375 0.236328125 0.0478515625 0.02734375
5 0.3251953125 0.2958984375 0.060546875 0.048828125
5 0.3203125 0.33935546875 0.05078125 0.0283203125
5 0.2939453125 0.408203125 0.05078125 0.03515625
5 0.2890625 0.46533203125 0.064453125 0.0380859375
5 0.26025390625 0.67578125 0.0380859375 0.03125
5 0.0361328125 0.7216796875 0.0703125 0.158203125
5 0.07080078125 0.48095703125 0.0693359375 0.0302734375
5 0.14990234375 0.28955078125 0.0185546875 0.0751953125
5 0.0859375 0.2265625 0.169921875 0.05859375
5 0.16357421875 0.03076171875 0.1494140625 0.0595703125
5 0.37255859375 0.1337890625 0.0576171875 0.029296875
5 0.3681640625 0.18603515625 0.109375 0.0654296875
5 0.39501953125 0.08740234375 0.0634765625 0.0439453125
5 0.41943359375 0.04150390625 0.1162109375 0.0830078125
4 0.22314453125 0.00634765625 0.0126953125 0.0107421875
4 0.34033203125 0.17236328125 0.0302734375 0.0224609375
4 0.33935546875 0.2001953125 0.0361328125 0.025390625
4 0.248046875 0.67333984375 0.033203125 0.0224609375
4 0.25341796875 0.7744140625 0.0478515625 0.03125
4 0.248046875 0.79248046875 0.044921875 0.0283203125
4 0.244140625 0.8095703125 0.04296875 0.02734375
4 0.2353515625 0.82861328125 0.04296875 0.0283203125
4 0.2197265625 0.88232421875 0.03515625 0.0244140625
4 0.0185546875 0.79638671875 0.03515625 0.0205078125
4 0.0205078125 0.77294921875 0.0390625 0.0224609375
4 0.02978515625 0.73681640625 0.0263671875 0.0146484375
4 0.037109375 0.72216796875 0.05078125 0.0322265625
4 0.0380859375 0.7041015625 0.037109375 0.025390625
4 0.0478515625 0.6845703125 0.05078125 0.029296875
4 0.04833984375 0.6640625 0.0458984375 0.025390625
4 0.06298828125 0.62451171875 0.0361328125 0.0224609375
4 0.126953125 0.228515625 0.013671875 0.025390625
4 0.02685546875 0.15576171875 0.0146484375 0.0244140625
4 0.15771484375 0.310546875 0.0205078125 0.044921875
4 0.169921875 0.00341796875 0.01171875 0.0048828125
