0 0.9775390625 0.388671875 0.037109375 0.029296875
0 0.92919921875 0.421875 0.0458984375 0.029296875
8 0.55126953125 0.244140625 0.1337890625 0.19140625
8 0.67626953125 0.20263671875 0.1337890625 0.1904296875
8 0.787109375 0.11474609375 0.126953125 0.1904296875
8 0.4814453125 0.60595703125 0.12890625 0.1904296875
8 0.35302734375 0.6455078125 0.1279296875 0.189453125
8 0.22607421875 0.68212890625 0.1298828125 0.1923828125
0 0.06982421875 0.43896484375 0.0361328125 0.0185546875
0 0.82080078125 0.82421875 0.0361328125 0.0390625
0 0.95654296875 0.92919921875 0.0322265625 0.0380859375
0 0.97265625 0.37060546875 0.04296875 0.0283203125
0 0.9453125 0.46044921875 0.037109375 0.0263671875
0 0.93603515625 0.24609375 0.0283203125 0.046875
0 0.93115234375 0.91650390625 0.0322265625 0.0380859375
0 0.82568359375 0.95166015625 0.0341796875 0.0400390625
0 0.96533203125 0.35009765625 0.0419921875 0.0263671875
0 0.95849609375 0.32958984375 0.0419921875 0.0244140625
0 0.9130859375 0.34521484375 0.037109375 0.0244140625
9 0.17626953125 0.26025390625 0.1298828125 0.1162109375
