9 0.97119140625 0.1181640625 0.0322265625 0.03515625
5 0.85986328125 0.2119140625 0.0595703125 0.05859375
5 0.89599609375 0.15185546875 0.0576171875 0.0556640625
5 0.92041015625 0.1044921875 0.0478515625 0.04296875
9 0.9931640625 0.0869140625 0.013671875 0.01953125
5 0.9638671875 0.02197265625 0.0390625 0.0380859375
5 0.7919921875 0.32373046875 0.072265625 0.0654296875
5 0.83544921875 0.2578125 0.0634765625 0.0625
5 0.74853515625 0.36962890625 0.0595703125 0.0576171875
5 0.25634765625 0.96337890625 0.0615234375 0.0576171875
9 0.63525390625 0.7060546875 0.0302734375 0.03125
9 0.54248046875 0.8486328125 0.0283203125 0.029296875
5 0.31494140625 0.908203125 0.0341796875 0.033203125
9 0.86474609375 0.45556640625 0.0263671875 0.0283203125
5 0.34033203125 0.87255859375 0.0458984375 0.0478515625
5 0.3603515625 0.8466796875 0.03515625 0.033203125
5 0.3896484375 0.8076171875 0.048828125 0.052734375
5 0.42431640625 0.7578125 0.0537109375 0.056640625
5 0.45947265625 0.71484375 0.0576171875 0.05078125
5 0.50244140625 0.66455078125 0.0478515625 0.0458984375
5 0.53466796875 0.60107421875 0.0498046875 0.0556640625
5 0.56689453125 0.5712890625 0.0419921875 0.044921875
5 0.6162109375 0.51318359375 0.052734375 0.0595703125
5 0.66796875 0.46484375 0.0625 0.0625
5 0.7080078125 0.41748046875 0.05859375 0.0576171875
9 0.76806640625 0.46630859375 0.0361328125 0.0341796875
