5 0.490234375 0.2685546875 0.037109375 0.037109375
5 0.259765625 0.4638671875 0.060546875 0.0546875
5 0.2099609375 0.42822265625 0.03515625 0.0361328125
5 0.14208984375 0.38427734375 0.0205078125 0.0263671875
5 0.0732421875 0.12158203125 0.107421875 0.0810546875
5 0.2802734375 0.12451171875 0.0546875 0.0517578125
5 0.34814453125 0.16943359375 0.0615234375 0.0576171875
5 0.42822265625 0.22900390625 0.0498046875 0.0458984375
5 0.5166015625 0.29052734375 0.02734375 0.0283203125
5 0.41845703125 0.56884765625 0.0302734375 0.0263671875
5 0.6181640625 0.3564453125 0.025390625 0.025390625
5 0.70263671875 0.40234375 0.0419921875 0.037109375
9 0.24365234375 0.14794921875 0.0400390625 0.0439453125
9 0.46923828125 0.314453125 0.0576171875 0.056640625
5 0.33447265625 0.51220703125 0.0283203125 0.0244140625
5 0.49951171875 0.61767578125 0.0380859375 0.0302734375
5 0.93310546875 0.5234375 0.0419921875 0.037109375
5 0.958984375 0.47900390625 0.02734375 0.0283203125
5 0.9716796875 0.46826171875 0.033203125 0.0263671875
5 0.58740234375 0.6650390625 0.0537109375 0.044921875
5 0.89453125 0.583984375 0.04296875 0.046875
5 0.97607421875 0.64501953125 0.0322265625 0.0361328125
5 0.95703125 0.67626953125 0.02734375 0.0263671875
5 0.9482421875 0.697265625 0.0234375 0.0234375
5 0.91162109375 0.7490234375 0.0380859375 0.041015625
5 0.8359375 0.70361328125 0.02734375 0.0283203125
5 0.7822265625 0.7646484375 0.02734375 0.025390625
5 0.853515625 0.83837890625 0.0390625 0.0537109375
5 0.82568359375 0.888671875 0.0380859375 0.04296875
5 0.7783203125 0.95068359375 0.033203125 0.0419921875
