5 0.818359375 0.50341796875 0.02734375 0.0263671875
5 0.8720703125 0.583984375 0.021484375 0.0234375
5 0.79443359375 0.5439453125 0.0244140625 0.0234375
5 0.78125 0.56201171875 0.025390625 0.0263671875
5 0.75830078125 0.60546875 0.0419921875 0.041015625
5 0.8330078125 0.64892578125 0.0390625 0.0458984375
5 0.712890625 0.66943359375 0.025390625 0.0263671875
5 0.7939453125 0.70166015625 0.046875 0.0537109375
5 0.77392578125 0.7392578125 0.0263671875 0.02734375
5 0.6787109375 0.7236328125 0.025390625 0.02734375
5 0.7353515625 0.79345703125 0.02734375 0.0283203125
5 0.65771484375 0.76171875 0.0283203125 0.025390625
5 0.6435546875 0.77978515625 0.025390625 0.0244140625
5 0.69384765625 0.85205078125 0.0439453125 0.0419921875
5 0.6162109375 0.826171875 0.02734375 0.0234375
5 0.6640625 0.9248046875 0.0234375 0.021484375
5 0.58642578125 0.88427734375 0.0341796875 0.0322265625
5 0.54248046875 0.9443359375 0.0322265625 0.037109375
5 0.50927734375 0.994140625 0.0224609375 0.01171875
5 0.9150390625 0.513671875 0.041015625 0.041015625
5 0.95166015625 0.4599609375 0.0380859375 0.04296875
5 0.89208984375 0.3896484375 0.0244140625 0.025390625
5 0.98046875 0.41064453125 0.0234375 0.0244140625
5 0.9736328125 0.2880859375 0.033203125 0.029296875
5 0.9296875 0.3291015625 0.025390625 0.025390625
5 0.14306640625 0.22021484375 0.2841796875 0.1884765625
