4 0.26318359375 0.26171875 0.0263671875 0.037109375
4 0.1943359375 0.12353515625 0.025390625 0.0283203125
5 0.748046875 0.97119140625 0.107421875 0.0576171875
5 0.69775390625 0.91943359375 0.0947265625 0.0751953125
5 0.65869140625 0.828125 0.1162109375 0.109375
5 0.61376953125 0.7392578125 0.1005859375 0.083984375
5 0.48193359375 0.58154296875 0.1240234375 0.1201171875
5 0.44873046875 0.4912109375 0.1025390625 0.064453125
5 0.38525390625 0.35302734375 0.0849609375 0.0615234375
5 0.29248046875 0.23779296875 0.0751953125 0.0654296875
4 0.1845703125 0.12841796875 0.029296875 0.0322265625
4 0.17578125 0.13427734375 0.029296875 0.0322265625
4 0.15869140625 0.15185546875 0.0400390625 0.0439453125
5 0.17041015625 0.0810546875 0.1962890625 0.16015625
