2 0.64111328125 0.6142578125 0.1025390625 0.099609375
2 0.80029296875 0.7314453125 0.1005859375 0.087890625
2 0.1025390625 0.91845703125 0.0703125 0.0751953125
2 0.1328125 0.9814453125 0.064453125 0.037109375
2 0.24951171875 0.62890625 0.0849609375 0.095703125
2 0.2109375 0.54296875 0.083984375 0.09375
2 0.13037109375 0.3701171875 0.0830078125 0.095703125
2 0.02783203125 0.111328125 0.0537109375 0.078125
0 0.60546875 0.009765625 0.025390625 0.017578125
0 0.572265625 0.0234375 0.03125 0.04296875
0 0.5498046875 0.0302734375 0.029296875 0.037109375
0 0.505859375 0.1396484375 0.03125 0.041015625
0 0.84326171875 0.197265625 0.0302734375 0.041015625
0 0.82421875 0.20849609375 0.02734375 0.0380859375
1 0.5517578125 0.720703125 0.041015625 0.056640625
0 0.900390625 0.037109375 0.029296875 0.041015625
0 0.63134765625 0.103515625 0.0322265625 0.041015625
0 0.87890625 0.177734375 0.029296875 0.03515625
0 0.86376953125 0.18798828125 0.0283203125 0.0380859375
0 0.86962890625 0.0625 0.0302734375 0.037109375
0 0.72802734375 0.0615234375 0.0283203125 0.037109375
0 0.5712890625 0.12744140625 0.02734375 0.0380859375
0 0.59375 0.12451171875 0.03125 0.0380859375
0 0.61328125 0.11474609375 0.029296875 0.0380859375
0 0.6494140625 0.09326171875 0.03125 0.0400390625
0 0.66943359375 0.0830078125 0.0283203125 0.0390625
0 0.68896484375 0.0771484375 0.0302734375 0.037109375
0 0.70751953125 0.06787109375 0.0302734375 0.0380859375
0 0.74609375 0.0478515625 0.029296875 0.037109375
0 0.923828125 0.03173828125 0.033203125 0.0380859375
0 0.7666015625 0.04296875 0.025390625 0.033203125
0 0.77783203125 0.1015625 0.0263671875 0.037109375
0 0.79736328125 0.0966796875 0.0322265625 0.044921875
0 0.81689453125 0.08837890625 0.0283203125 0.0380859375
0 0.83251953125 0.0771484375 0.0263671875 0.03515625
0 0.8505859375 0.0712890625 0.029296875 0.037109375
0 0.88525390625 0.048828125 0.0263671875 0.03515625
