2 0.64111328125 0.0947265625 0.1025390625 0.099609375
2 0.80029296875 0.2119140625 0.1005859375 0.087890625
2 0.1025390625 0.39892578125 0.0703125 0.0751953125
2 0.13720703125 0.48486328125 0.0732421875 0.0830078125
2 0.1796875 0.56982421875 0.060546875 0.0654296875
2 0.21728515625 0.6591796875 0.0830078125 0.091796875
2 0.5283203125 0.7138671875 0.09765625 0.111328125
2 0.24951171875 0.109375 0.0849609375 0.095703125
2 0.2109375 0.03564453125 0.083984375 0.0693359375
1 0.5517578125 0.201171875 0.041015625 0.056640625
