5 0.609375 0.3046875 0.064453125 0.046875
5 0.685546875 0.4375 0.08203125 0.068359375
5 0.72802734375 0.50927734375 0.1025390625 0.0732421875
5 0.77001953125 0.59326171875 0.1005859375 0.0615234375
5 0.80615234375 0.6591796875 0.1220703125 0.080078125
5 0.85986328125 0.7578125 0.1240234375 0.087890625
5 0.9501953125 0.82763671875 0.083984375 0.0888671875
5 0.9677734375 0.88623046875 0.064453125 0.0947265625
9 0.68408203125 0.62060546875 0.0478515625 0.0380859375
9 0.3125 0.73095703125 0.03515625 0.0458984375
9 0.724609375 0.83447265625 0.03515625 0.0439453125
9 0.33837890625 0.98779296875 0.0419921875 0.0244140625
5 0.5830078125 0.25 0.060546875 0.048828125
