2 0.76953125 0.8720703125 0.1953125 0.224609375
2 0.6376953125 0.8720703125 0.306640625 0.255859375
2 0.4736328125 0.888671875 0.283203125 0.22265625
2 0.767578125 0.150390625 0.26171875 0.296875
2 0.54638671875 0.07177734375 0.1787109375 0.1416015625
2 0.23583984375 0.0546875 0.0908203125 0.107421875
2 0.2158203125 0.02099609375 0.072265625 0.0400390625
2 0.2314453125 0.2392578125 0.0859375 0.07421875
2 0.1865234375 0.06591796875 0.060546875 0.1005859375
2 0.314453125 0.07373046875 0.103515625 0.1220703125
2 0.083984375 0.0263671875 0.11328125 0.05078125
2 0.15966796875 0.32568359375 0.1279296875 0.1201171875
2 0.029296875 0.080078125 0.056640625 0.056640625
