2 0.2177734375 0.4033203125 0.185546875 0.208984375
2 0.06298828125 0.3359375 0.1240234375 0.2109375
2 0.1318359375 0.357421875 0.169921875 0.15234375
2 0.3115234375 0.40234375 0.146484375 0.125
2 0.3759765625 0.4501953125 0.142578125 0.126953125
2 0.548828125 0.51171875 0.0859375 0.1015625
2 0.419921875 0.5654296875 0.30078125 0.291015625
2 0.2626953125 0.5205078125 0.189453125 0.185546875
2 0.71484375 0.865234375 0.16015625 0.17578125
2 0.6240234375 0.548828125 0.064453125 0.08203125
2 0.5078125 0.7939453125 0.09765625 0.146484375
2 0.55078125 0.8076171875 0.08984375 0.146484375
2 0.69140625 0.5224609375 0.1015625 0.119140625
2 0.78515625 0.595703125 0.08984375 0.09375
2 0.71875 0.60546875 0.0703125 0.078125
2 0.7958984375 0.6845703125 0.166015625 0.166015625
2 0.6240234375 0.6357421875 0.232421875 0.220703125
2 0.7197265625 0.2900390625 0.07421875 0.09375
2 0.7578125 0.31005859375 0.09765625 0.1181640625
2 0.78759765625 0.31591796875 0.0556640625 0.0751953125
2 0.8232421875 0.33740234375 0.09375 0.1220703125
2 0.84130859375 0.37548828125 0.0634765625 0.0732421875
2 0.8837890625 0.37451171875 0.10546875 0.1240234375
2 0.9091796875 0.41650390625 0.078125 0.0810546875
2 0.94921875 0.3759765625 0.06640625 0.07421875
2 0.98291015625 0.40673828125 0.0341796875 0.0830078125
