2 0.78662109375 0.45263671875 0.0439453125 0.0419921875
2 0.8134765625 0.46484375 0.037109375 0.03515625
2 0.81591796875 0.482421875 0.0107421875 0.013671875
2 0.79443359375 0.5009765625 0.0634765625 0.0625
2 0.74169921875 0.51416015625 0.0419921875 0.0380859375
2 0.70947265625 0.52783203125 0.0498046875 0.0498046875
2 0.76513671875 0.501953125 0.0146484375 0.015625
2 0.7724609375 0.4912109375 0.015625 0.013671875
2 0.70751953125 0.49365234375 0.0166015625 0.0166015625
2 0.689453125 0.5048828125 0.017578125 0.017578125
2 0.6865234375 0.3046875 0.015625 0.015625
2 0.6767578125 0.31201171875 0.009765625 0.0087890625
2 0.69482421875 0.29736328125 0.0146484375 0.0146484375
2 0.70751953125 0.28955078125 0.0166015625 0.0166015625
2 0.72265625 0.509765625 0.013671875 0.013671875
