2 0.51416015625 0.86279296875 0.0419921875 0.0439453125
2 0.4482421875 0.97509765625 0.06640625 0.0498046875
2 0.39599609375 0.95654296875 0.0712890625 0.0771484375
2 0.34521484375 0.92529296875 0.0576171875 0.0615234375
2 0.4609375 0.83740234375 0.04296875 0.0458984375
2 0.4072265625 0.8076171875 0.041015625 0.041015625
2 0.51171875 0.74560546875 0.041015625 0.0439453125
2 0.626953125 0.66259765625 0.04296875 0.0478515625
2 0.5732421875 0.634765625 0.041015625 0.041015625
2 0.52099609375 0.603515625 0.0419921875 0.044921875
2 0.7412109375 0.2001953125 0.0390625 0.0390625
2 0.62158203125 0.5439453125 0.0380859375 0.041015625
2 0.86328125 0.2548828125 0.048828125 0.046875
2 0.90576171875 0.1796875 0.0419921875 0.0390625
2 0.96875 0.0634765625 0.04296875 0.041015625
2 0.98486328125 0.02587890625 0.0302734375 0.0419921875
2 0.83154296875 0.05810546875 0.0166015625 0.0185546875
2 0.84423828125 0.04052734375 0.0185546875 0.0205078125
