2 0.6259765625 0.46826171875 0.0390625 0.0458984375
2 0.85107421875 0.34619140625 0.0419921875 0.0380859375
2 0.861328125 0.44970703125 0.025390625 0.0302734375
2 0.75732421875 0.642578125 0.0380859375 0.0390625
2 0.73046875 0.673828125 0.0546875 0.05078125
2 0.9921875 0.50927734375 0.015625 0.0263671875
2 0.05859375 0.2548828125 0.048828125 0.046875
2 0.10107421875 0.1796875 0.0419921875 0.0390625
2 0.1640625 0.0634765625 0.04296875 0.041015625
2 0.619140625 0.87451171875 0.041015625 0.0439453125
2 0.1865234375 0.02587890625 0.04296875 0.0419921875
2 0.02685546875 0.05810546875 0.0166015625 0.0185546875
2 0.03955078125 0.04052734375 0.0185546875 0.0205078125
2 0.55908203125 0.97705078125 0.0380859375 0.0419921875
2 0.57861328125 0.9423828125 0.0400390625 0.04296875
