2 0.587890625 0.2578125 0.01953125 0.01953125
2 0.19384765625 0.4169921875 0.0146484375 0.013671875
2 0.19775390625 0.40380859375 0.0166015625 0.0185546875
2 0.23779296875 0.3740234375 0.0205078125 0.021484375
2 0.2216796875 0.3466796875 0.025390625 0.025390625
2 0.3134765625 0.3125 0.01953125 0.017578125
2 0.37158203125 0.25 0.0224609375 0.0234375
2 0.3876953125 0.2568359375 0.021484375 0.021484375
2 0.40234375 0.2626953125 0.017578125 0.017578125
2 0.4169921875 0.2685546875 0.017578125 0.017578125
2 0.43408203125 0.27392578125 0.0263671875 0.0244140625
2 0.44091796875 0.25830078125 0.0185546875 0.0205078125
2 0.447265625 0.24462890625 0.01953125 0.0205078125
2 0.45703125 0.21923828125 0.01953125 0.0185546875
2 0.18798828125 0.4306640625 0.0185546875 0.017578125
2 0.18115234375 0.4453125 0.0205078125 0.01953125
2 0.25 0.43408203125 0.0234375 0.0244140625
2 0.21826171875 0.5234375 0.0146484375 0.015625
2 0.09326171875 0.65673828125 0.0244140625 0.0244140625
2 0.10107421875 0.638671875 0.0224609375 0.025390625
2 0.134765625 0.55517578125 0.015625 0.0166015625
2 0.1845703125 0.55419921875 0.017578125 0.0166015625
2 0.2001953125 0.560546875 0.021484375 0.021484375
2 0.2021484375 0.51806640625 0.01953125 0.0185546875
2 0.46435546875 0.20361328125 0.0185546875 0.0185546875
2 0.47119140625 0.18896484375 0.0205078125 0.0205078125
2 0.4775390625 0.17236328125 0.01953125 0.0205078125
2 0.439453125 0.15283203125 0.0234375 0.0263671875
2 0.41552734375 0.18603515625 0.0185546875 0.0185546875
2 0.384765625 0.12939453125 0.025390625 0.0263671875
2 0.349609375 0.14599609375 0.015625 0.0166015625
2 0.3583984375 0.19873046875 0.01953125 0.0185546875
2 0.37255859375 0.20458984375 0.0185546875 0.0185546875
2 0.38671875 0.2109375 0.01953125 0.017578125
2 0.39990234375 0.216796875 0.0185546875 0.017578125
2 0.4140625 0.2216796875 0.017578125 0.017578125
2 0.37060546875 0.169921875 0.0224609375 0.021484375
2 0.384765625 0.17626953125 0.01953125 0.0205078125
2 0.39990234375 0.18115234375 0.0185546875 0.0185546875
2 0.427734375 0.193359375 0.01953125 0.01953125
