1 0.19873046875 0.6884765625 0.0146484375 0.044921875
1 0.32958984375 0.43505859375 0.0107421875 0.0283203125
1 0.30078125 0.43408203125 0.01171875 0.0322265625
1 0.28662109375 0.43408203125 0.0126953125 0.0322265625
1 0.27197265625 0.43603515625 0.0107421875 0.0283203125
1 0.14453125 0.2353515625 0.033203125 0.01171875
1 0.14208984375 0.248046875 0.0361328125 0.009765625
1 0.14404296875 0.26123046875 0.0322265625 0.0107421875
1 0.142578125 0.27587890625 0.03125 0.0107421875
1 0.1416015625 0.28857421875 0.03125 0.0107421875
1 0.15478515625 0.36767578125 0.0439453125 0.0107421875
1 0.1552734375 0.380859375 0.04296875 0.01171875
1 0.2431640625 0.17041015625 0.009765625 0.0380859375
1 0.26171875 0.17236328125 0.01171875 0.0380859375
1 0.18212890625 0.17138671875 0.0126953125 0.0439453125
1 0.13525390625 0.18359375 0.0146484375 0.041015625
1 0.1552734375 0.177734375 0.013671875 0.0390625
1 0.19580078125 0.173828125 0.0146484375 0.0390625
1 0.2294921875 0.17138671875 0.013671875 0.0400390625
1 0.2734375 0.1728515625 0.009765625 0.041015625
1 0.28564453125 0.1689453125 0.0126953125 0.04296875
1 0.31005859375 0.1669921875 0.0185546875 0.041015625
1 0.29931640625 0.171875 0.0166015625 0.041015625
1 0.32373046875 0.1669921875 0.0166015625 0.041015625
1 0.33837890625 0.1650390625 0.0166015625 0.041015625
1 0.39404296875 0.1630859375 0.0126953125 0.0390625
1 0.4072265625 0.16162109375 0.013671875 0.0419921875
1 0.314453125 0.43505859375 0.01171875 0.0283203125
1 0.34423828125 0.43505859375 0.0126953125 0.0283203125
1 0.3671875 0.326171875 0.013671875 0.0390625
1 0.35791015625 0.431640625 0.0126953125 0.033203125
1 0.3505859375 0.1630859375 0.01171875 0.04296875
1 0.36328125 0.16015625 0.009765625 0.041015625
1 0.3759765625 0.16259765625 0.01171875 0.0419921875
1 0.43115234375 0.16259765625 0.0087890625 0.0341796875
1 0.4423828125 0.15771484375 0.009765625 0.0419921875
1 0.45751953125 0.16357421875 0.0126953125 0.0341796875
1 0.47509765625 0.16162109375 0.0185546875 0.0341796875
1 0.48779296875 0.16015625 0.0244140625 0.04296875
1 0.50537109375 0.19140625 0.0439453125 0.01171875
1 0.505859375 0.2138671875 0.044921875 0.009765625
1 0.5087890625 0.2626953125 0.044921875 0.009765625
1 0.50927734375 0.2763671875 0.0439453125 0.009765625
1 0.2998046875 0.25537109375 0.01171875 0.0419921875
1 0.3525390625 0.259765625 0.01171875 0.0390625
1 0.37744140625 0.25927734375 0.0107421875 0.0419921875
1 0.39013671875 0.2578125 0.0107421875 0.04296875
1 0.40576171875 0.25927734375 0.0107421875 0.0419921875
1 0.4228515625 0.25390625 0.01171875 0.04296875
1 0.5068359375 0.30322265625 0.04296875 0.0126953125
1 0.50830078125 0.3173828125 0.0439453125 0.01171875
1 0.4111328125 0.3232421875 0.009765625 0.04296875
1 0.39306640625 0.322265625 0.0107421875 0.0390625
1 0.37939453125 0.3232421875 0.0107421875 0.04296875
1 0.4150390625 0.4326171875 0.009765625 0.03515625
1 0.38720703125 0.4296875 0.0107421875 0.03515625
1 0.4189453125 0.16064453125 0.013671875 0.0400390625
1 0.35009765625 0.326171875 0.0146484375 0.0390625
1 0.2138671875 0.6923828125 0.013671875 0.044921875
1 0.51123046875 0.57568359375 0.0439453125 0.0126953125
1 0.51025390625 0.60302734375 0.0439453125 0.0146484375
1 0.51318359375 0.61865234375 0.0419921875 0.0126953125
1 0.51220703125 0.634765625 0.0419921875 0.01171875
1 0.3955078125 0.5859375 0.013671875 0.04296875
1 0.40869140625 0.5859375 0.0146484375 0.04296875
1 0.43896484375 0.58251953125 0.0146484375 0.0419921875
1 0.48046875 0.6806640625 0.015625 0.044921875
1 0.46728515625 0.677734375 0.0126953125 0.044921875
1 0.45556640625 0.6826171875 0.0126953125 0.044921875
1 0.443359375 0.67578125 0.015625 0.044921875
1 0.43017578125 0.68017578125 0.0126953125 0.0458984375
1 0.4189453125 0.6748046875 0.013671875 0.046875
1 0.4033203125 0.671875 0.015625 0.044921875
1 0.38916015625 0.6728515625 0.0166015625 0.04296875
1 0.37353515625 0.6787109375 0.0185546875 0.044921875
1 0.35986328125 0.6845703125 0.0166015625 0.044921875
1 0.3408203125 0.6796875 0.015625 0.044921875
1 0.3271484375 0.67529296875 0.013671875 0.0439453125
1 0.31298828125 0.6767578125 0.0126953125 0.044921875
1 0.2998046875 0.67626953125 0.01171875 0.0439453125
1 0.287109375 0.67724609375 0.01171875 0.0439453125
1 0.27294921875 0.67724609375 0.0166015625 0.0439453125
1 0.25927734375 0.67919921875 0.0146484375 0.0439453125
1 0.24609375 0.6806640625 0.015625 0.044921875
1 0.22900390625 0.68701171875 0.0146484375 0.0439453125
1 0.51171875 0.58984375 0.044921875 0.01171875
1 0.51171875 0.56103515625 0.04296875 0.0107421875
1 0.3359375 0.3251953125 0.013671875 0.0390625
1 0.5078125 0.54736328125 0.04296875 0.0126953125
1 0.3212890625 0.32470703125 0.013671875 0.0380859375
1 0.3076171875 0.326171875 0.013671875 0.0390625
1 0.29296875 0.32763671875 0.013671875 0.0400390625
1 0.27880859375 0.32666015625 0.0126953125 0.0380859375
1 0.26318359375 0.32763671875 0.0146484375 0.0380859375
1 0.24853515625 0.32861328125 0.0146484375 0.0400390625
1 0.23388671875 0.33203125 0.0146484375 0.0390625
1 0.21875 0.3330078125 0.013671875 0.0390625
1 0.4013671875 0.43359375 0.015625 0.041015625
1 0.5087890625 0.34521484375 0.044921875 0.0126953125
1 0.5107421875 0.35986328125 0.04296875 0.0126953125
1 0.50537109375 0.66943359375 0.0380859375 0.0361328125
1 0.43505859375 0.52294921875 0.0146484375 0.0400390625
1 0.41943359375 0.52099609375 0.0126953125 0.0380859375
1 0.5068359375 0.37548828125 0.04296875 0.0146484375
1 0.5107421875 0.388671875 0.04296875 0.01171875
1 0.50830078125 0.404296875 0.0439453125 0.015625
1 0.51025390625 0.4189453125 0.0439453125 0.013671875
1 0.5107421875 0.44384765625 0.041015625 0.0126953125
1 0.51123046875 0.4599609375 0.0400390625 0.01171875
1 0.509765625 0.4755859375 0.04296875 0.01171875
1 0.5126953125 0.4892578125 0.04296875 0.01171875
1 0.5126953125 0.50537109375 0.04296875 0.0126953125
1 0.51513671875 0.52099609375 0.0439453125 0.0107421875
1 0.50830078125 0.53466796875 0.0439453125 0.0126953125
1 0.212890625 0.16650390625 0.01171875 0.0419921875
