5 0.611328125 0.71533203125 0.0859375 0.0615234375
4 0.84130859375 0.685546875 0.0361328125 0.04296875
4 0.65380859375 0.78271484375 0.0341796875 0.0263671875
4 0.60107421875 0.7705078125 0.0166015625 0.017578125
4 0.671875 0.7060546875 0.044921875 0.052734375
4 0.61181640625 0.6875 0.0537109375 0.037109375
4 0.89013671875 0.6923828125 0.0283203125 0.044921875
4 0.98779296875 0.53759765625 0.0244140625 0.0283203125
4 0.9443359375 0.61865234375 0.0390625 0.0361328125
4 0.89990234375 0.7138671875 0.0146484375 0.021484375
4 0.90771484375 0.7177734375 0.0146484375 0.01953125
4 0.91552734375 0.71923828125 0.0146484375 0.0224609375
4 0.92041015625 0.7265625 0.0146484375 0.0234375
4 0.66845703125 0.79052734375 0.0537109375 0.0400390625
