3 0.052734375 0.341796875 0.04296875 0.044921875
3 0.0869140625 0.39892578125 0.04296875 0.0439453125
3 0.12109375 0.45361328125 0.044921875 0.0458984375
4 0.2822265625 0.70751953125 0.015625 0.0283203125
4 0.29345703125 0.70849609375 0.0166015625 0.0322265625
4 0.30322265625 0.70751953125 0.0146484375 0.0283203125
4 0.3125 0.70947265625 0.009765625 0.0322265625
4 0.3212890625 0.71142578125 0.013671875 0.0361328125
4 0.33203125 0.7109375 0.01171875 0.029296875
4 0.34228515625 0.71142578125 0.0107421875 0.0322265625
4 0.3623046875 0.71435546875 0.015625 0.0322265625
3 0.1669921875 0.2841796875 0.048828125 0.048828125
3 0.22265625 0.24755859375 0.048828125 0.0439453125
3 0.279296875 0.2119140625 0.044921875 0.046875
3 0.3251953125 0.177734375 0.033203125 0.037109375
3 0.36962890625 0.14990234375 0.0361328125 0.0341796875
3 0.201171875 0.33935546875 0.048828125 0.0439453125
3 0.25927734375 0.3037109375 0.0478515625 0.048828125
3 0.31494140625 0.2705078125 0.0458984375 0.046875
3 0.3525390625 0.22119140625 0.033203125 0.0341796875
3 0.216796875 0.4306640625 0.013671875 0.013671875
3 0.23876953125 0.43701171875 0.0107421875 0.0126953125
3 0.22412109375 0.44287109375 0.0146484375 0.0146484375
11 0.4208984375 0.62841796875 0.044921875 0.0419921875
13 0.8408203125 0.61474609375 0.318359375 0.0400390625
4 0.93896484375 0.85791015625 0.0107421875 0.0205078125
4 0.98193359375 0.7578125 0.0087890625 0.017578125
4 0.927734375 0.89990234375 0.005859375 0.0146484375
