13 0.57861328125 0.82666015625 0.0712890625 0.0556640625
3 0.4423828125 0.51611328125 0.0078125 0.0087890625
3 0.44970703125 0.51513671875 0.0068359375 0.0068359375
3 0.4560546875 0.5126953125 0.005859375 0.0078125
3 0.46240234375 0.51025390625 0.0068359375 0.0068359375
3 0.4697265625 0.50634765625 0.005859375 0.0087890625
3 0.47705078125 0.50537109375 0.0068359375 0.0068359375
3 0.49365234375 0.498046875 0.0068359375 0.0078125
3 0.5009765625 0.4970703125 0.005859375 0.0078125
3 0.50830078125 0.49267578125 0.0068359375 0.0068359375
3 0.51513671875 0.48974609375 0.0068359375 0.0068359375
3 0.5224609375 0.4892578125 0.005859375 0.0078125
3 0.4453125 0.5244140625 0.0078125 0.0078125
3 0.453125 0.5234375 0.0078125 0.0078125
3 0.45947265625 0.51953125 0.0068359375 0.0078125
3 0.4658203125 0.51708984375 0.0078125 0.0068359375
3 0.4736328125 0.5146484375 0.005859375 0.0078125
3 0.47998046875 0.513671875 0.0068359375 0.0078125
3 0.44775390625 0.53369140625 0.0068359375 0.0068359375
3 0.22802734375 0.44482421875 0.0048828125 0.0029296875
3 0.232421875 0.44384765625 0.005859375 0.0048828125
3 0.23779296875 0.44091796875 0.0048828125 0.0048828125
3 0.2421875 0.43798828125 0.00390625 0.0048828125
3 0.2470703125 0.43701171875 0.00390625 0.0048828125
3 0.23046875 0.4501953125 0.005859375 0.00390625
3 0.23486328125 0.44921875 0.0048828125 0.00390625
3 0.2392578125 0.44580078125 0.005859375 0.0048828125
3 0.244140625 0.4443359375 0.005859375 0.00390625
3 0.24951171875 0.4423828125 0.0048828125 0.00390625
3 0.23291015625 0.45556640625 0.0048828125 0.0048828125
3 0.23828125 0.453125 0.00390625 0.005859375
3 0.24267578125 0.45166015625 0.0048828125 0.0048828125
3 0.2470703125 0.4501953125 0.005859375 0.005859375
3 0.25244140625 0.447265625 0.0068359375 0.005859375
13 0.59130859375 0.041015625 0.0166015625 0.03125
3 0.244140625 0.431640625 0.005859375 0.005859375
3 0.23974609375 0.4345703125 0.0048828125 0.00390625
3 0.2353515625 0.43603515625 0.005859375 0.0048828125
3 0.509765625 0.5009765625 0.0078125 0.0078125
3 0.45458984375 0.53076171875 0.0068359375 0.0068359375
3 0.4619140625 0.5283203125 0.005859375 0.0078125
3 0.46875 0.52490234375 0.005859375 0.0068359375
3 0.47607421875 0.52294921875 0.0068359375 0.0087890625
3 0.482421875 0.521484375 0.005859375 0.0078125
3 0.49609375 0.50732421875 0.005859375 0.0107421875
3 0.50439453125 0.50439453125 0.0068359375 0.0068359375
3 0.517578125 0.49951171875 0.0078125 0.0068359375
3 0.23095703125 0.43896484375 0.0048828125 0.0048828125
3 0.525390625 0.49755859375 0.005859375 0.0068359375
3 0.5 0.5146484375 0.0078125 0.005859375
3 0.50732421875 0.51123046875 0.0068359375 0.0068359375
3 0.51416015625 0.509765625 0.0068359375 0.005859375
3 0.5205078125 0.50830078125 0.005859375 0.0068359375
3 0.52783203125 0.50634765625 0.0048828125 0.0068359375
3 0.22607421875 0.43994140625 0.0048828125 0.0068359375
