13 0.57861328125 0.33447265625 0.0712890625 0.0556640625
3 0.4423828125 0.02392578125 0.0078125 0.0087890625
3 0.44970703125 0.02294921875 0.0068359375 0.0068359375
3 0.4560546875 0.0205078125 0.005859375 0.0078125
3 0.46240234375 0.01806640625 0.0068359375 0.0068359375
3 0.4697265625 0.01416015625 0.005859375 0.0087890625
3 0.47705078125 0.01318359375 0.0068359375 0.0068359375
3 0.49365234375 0.005859375 0.0068359375 0.0078125
3 0.5009765625 0.0048828125 0.005859375 0.0078125
3 0.50830078125 0.00244140625 0.0068359375 0.0029296875
3 0.4453125 0.0322265625 0.0078125 0.0078125
3 0.453125 0.03125 0.0078125 0.0078125
3 0.45947265625 0.02734375 0.0068359375 0.0078125
3 0.4658203125 0.02490234375 0.0078125 0.0068359375
3 0.4736328125 0.0224609375 0.005859375 0.0078125
3 0.47998046875 0.021484375 0.0068359375 0.0078125
3 0.44775390625 0.04150390625 0.0068359375 0.0068359375
3 0.509765625 0.0087890625 0.0078125 0.0078125
3 0.45458984375 0.03857421875 0.0068359375 0.0068359375
3 0.4619140625 0.0361328125 0.005859375 0.0078125
3 0.46875 0.03271484375 0.005859375 0.0068359375
3 0.47607421875 0.03076171875 0.0068359375 0.0087890625
3 0.482421875 0.029296875 0.005859375 0.0078125
3 0.49609375 0.01513671875 0.005859375 0.0107421875
3 0.50439453125 0.01220703125 0.0068359375 0.0068359375
3 0.517578125 0.00732421875 0.0078125 0.0068359375
3 0.525390625 0.00537109375 0.005859375 0.0068359375
3 0.5 0.0224609375 0.0078125 0.005859375
3 0.50732421875 0.01904296875 0.0068359375 0.0068359375
3 0.51416015625 0.017578125 0.0068359375 0.005859375
3 0.5205078125 0.01611328125 0.005859375 0.0068359375
3 0.52783203125 0.01416015625 0.0048828125 0.0068359375
