4 0.306640625 0.93115234375 0.05859375 0.0146484375
4 0.43994140625 0.9765625 0.0400390625 0.013671875
4 0.212890625 0.96826171875 0.056640625 0.0146484375
4 0.68701171875 0.9599609375 0.0537109375 0.025390625
13 0.27099609375 0.1591796875 0.0166015625 0.025390625
13 0.21484375 0.38330078125 0.013671875 0.0341796875
13 0.904296875 0.4345703125 0.0234375 0.015625
13 0.80419921875 0.6103515625 0.0224609375 0.021484375
13 0.9775390625 0.212890625 0.0234375 0.013671875
4 0.59326171875 0.97265625 0.0478515625 0.021484375
4 0.46484375 0.91943359375 0.068359375 0.0341796875
4 0.560546875 0.86279296875 0.06640625 0.0322265625
13 0.9619140625 0.5234375 0.01953125 0.015625
13 0.158203125 0.05322265625 0.015625 0.0224609375
