13 0.6884765625 0.42919921875 0.048828125 0.0400390625
13 0.91064453125 0.01953125 0.0751953125 0.037109375
4 0.17333984375 0.77587890625 0.0419921875 0.0517578125
4 0.32666015625 0.56787109375 0.0380859375 0.0478515625
4 0.5576171875 0.31103515625 0.037109375 0.0537109375
4 0.49560546875 0.3583984375 0.0458984375 0.0703125
4 0.39794921875 0.44482421875 0.0380859375 0.0498046875
4 0.49267578125 0.115234375 0.0361328125 0.04296875
4 0.4140625 0.06591796875 0.052734375 0.0615234375
4 0.36865234375 0.2255859375 0.0380859375 0.060546875
4 0.35693359375 0.22216796875 0.0380859375 0.0595703125
