13 0.53564453125 0.49755859375 0.1318359375 0.0283203125
13 0.912109375 0.56787109375 0.0625 0.0322265625
4 0.6591796875 0.87109375 0.05078125 0.03125
4 0.5166015625 0.984375 0.044921875 0.03125
4 0.56103515625 0.9560546875 0.0498046875 0.041015625
4 0.59130859375 0.9267578125 0.0517578125 0.033203125
4 0.623046875 0.8994140625 0.04296875 0.033203125
4 0.7294921875 0.8251953125 0.0546875 0.025390625
4 0.828125 0.7294921875 0.0390625 0.05078125
4 0.38427734375 0.67578125 0.0517578125 0.048828125
