4 0.37109375 0.03076171875 0.1328125 0.0595703125
4 0.361328125 0.05419921875 0.1171875 0.0849609375
4 0.3349609375 0.08837890625 0.12109375 0.0888671875
4 0.3076171875 0.11962890625 0.134765625 0.1005859375
4 0.2939453125 0.162109375 0.11328125 0.083984375
4 0.244140625 0.2236328125 0.12890625 0.099609375
4 0.2236328125 0.2646484375 0.125 0.095703125
4 0.205078125 0.29736328125 0.11328125 0.0830078125
4 0.1845703125 0.328125 0.111328125 0.0859375
4 0.17333984375 0.36328125 0.1044921875 0.0859375
4 0.15185546875 0.39208984375 0.1083984375 0.0888671875
4 0.126953125 0.41796875 0.125 0.09375
4 0.10986328125 0.44775390625 0.1162109375 0.0888671875
4 0.0947265625 0.4775390625 0.111328125 0.0859375
4 0.08349609375 0.5107421875 0.0986328125 0.072265625
4 0.056640625 0.56689453125 0.078125 0.0615234375
4 0.04248046875 0.59326171875 0.0810546875 0.0634765625
4 0.03369140625 0.61767578125 0.0654296875 0.0693359375
4 0.02587890625 0.6494140625 0.0498046875 0.064453125
4 0.015625 0.68212890625 0.029296875 0.0537109375
