9 0.8515625 0.7900390625 0.03125 0.03515625
9 0.84130859375 0.8466796875 0.0478515625 0.05078125
9 0.7802734375 0.8408203125 0.03515625 0.0390625
9 0.828125 0.86767578125 0.037109375 0.0419921875
9 0.95654296875 0.669921875 0.0380859375 0.044921875
9 0.80517578125 0.01123046875 0.0380859375 0.0205078125
9 0.23486328125 0.69384765625 0.0361328125 0.0322265625
9 0.2490234375 0.72021484375 0.0234375 0.0263671875
9 0.2802734375 0.72119140625 0.029296875 0.0283203125
9 0.02294921875 0.76416015625 0.0439453125 0.0244140625
9 0.0830078125 0.9052734375 0.05078125 0.0390625
9 0.11962890625 0.888671875 0.0498046875 0.046875
9 0.24169921875 0.88916015625 0.0322265625 0.0322265625
9 0.42431640625 0.9365234375 0.0830078125 0.068359375
9 0.341796875 0.81201171875 0.037109375 0.0341796875
9 0.3779296875 0.7783203125 0.04296875 0.0390625
9 0.37158203125 0.75341796875 0.0478515625 0.0478515625
9 0.41455078125 0.7255859375 0.0498046875 0.046875
9 0.43017578125 0.7060546875 0.0439453125 0.046875
9 0.482421875 0.68994140625 0.037109375 0.0400390625
9 0.49853515625 0.681640625 0.0419921875 0.046875
9 0.3603515625 0.68798828125 0.04296875 0.0400390625
9 0.3603515625 0.56201171875 0.048828125 0.0341796875
9 0.3837890625 0.3056640625 0.029296875 0.041015625
4 0.58984375 0.32373046875 0.03125 0.0185546875
9 0.60009765625 0.24072265625 0.0400390625 0.0380859375
9 0.20263671875 0.7158203125 0.0322265625 0.037109375
9 0.1220703125 0.70654296875 0.02734375 0.0322265625
9 0.01220703125 0.58251953125 0.0224609375 0.0283203125
9 0.283203125 0.29931640625 0.04296875 0.0283203125
9 0.0390625 0.013671875 0.0390625 0.025390625
9 0.0107421875 0.05859375 0.01953125 0.033203125
9 0.27734375 0.12451171875 0.037109375 0.0380859375
9 0.07177734375 0.26171875 0.0419921875 0.02734375
9 0.17333984375 0.27001953125 0.0322265625 0.0419921875
9 0.244140625 0.2861328125 0.03125 0.037109375
9 0.31884765625 0.150390625 0.0322265625 0.033203125
9 0.3076171875 0.11669921875 0.0390625 0.0419921875
9 0.65478515625 0.14501953125 0.0439453125 0.0419921875
9 0.40869140625 0.02001953125 0.0400390625 0.0380859375
9 0.47021484375 0.02001953125 0.0380859375 0.0380859375
9 0.67724609375 0.0234375 0.0419921875 0.044921875
