9 0.0458984375 0.3623046875 0.033203125 0.037109375
9 0.0107421875 0.11572265625 0.01953125 0.0322265625
9 0.21923828125 0.1875 0.0341796875 0.03125
9 0.05224609375 0.06591796875 0.0478515625 0.0576171875
9 0.11181640625 0.01318359375 0.0400390625 0.0244140625
9 0.3251953125 0.01025390625 0.037109375 0.0185546875
11 0.22607421875 0.046875 0.0478515625 0.041015625
9 0.4140625 0.58203125 0.052734375 0.048828125
4 0.02978515625 0.78125 0.0224609375 0.03515625
9 0.10205078125 0.63037109375 0.0419921875 0.0439453125
9 0.24365234375 0.50390625 0.0458984375 0.048828125
9 0.341796875 0.43408203125 0.03125 0.0322265625
4 0.22216796875 0.595703125 0.0693359375 0.06640625
4 0.34765625 0.5810546875 0.09375 0.08984375
9 0.27587890625 0.71142578125 0.0439453125 0.0478515625
9 0.24169921875 0.74072265625 0.0400390625 0.0380859375
4 0.35986328125 0.4619140625 0.0556640625 0.046875
4 0.09228515625 0.9306640625 0.0322265625 0.05859375
4 0.4248046875 0.39111328125 0.048828125 0.0498046875
4 0.4365234375 0.37939453125 0.046875 0.0498046875
4 0.44580078125 0.36669921875 0.0419921875 0.0458984375
4 0.46484375 0.3427734375 0.029296875 0.03125
4 0.47705078125 0.333984375 0.0322265625 0.029296875
4 0.10546875 0.94873046875 0.02734375 0.0380859375
4 0.1259765625 0.9423828125 0.025390625 0.048828125
4 0.15869140625 0.95751953125 0.0263671875 0.0419921875
4 0.22412109375 0.91943359375 0.0478515625 0.0478515625
4 0.0751953125 0.92236328125 0.03125 0.0654296875
4 0.0400390625 0.9150390625 0.033203125 0.060546875
4 0.0078125 0.923828125 0.013671875 0.025390625
4 0.994140625 0.69873046875 0.01171875 0.0205078125
4 0.96142578125 0.72998046875 0.0537109375 0.0537109375
4 0.8603515625 0.79052734375 0.025390625 0.0263671875
4 0.84765625 0.81591796875 0.04296875 0.0498046875
4 0.826171875 0.83837890625 0.044921875 0.0537109375
4 0.955078125 0.82861328125 0.03515625 0.0400390625
4 0.9189453125 0.88330078125 0.048828125 0.0517578125
4 0.96142578125 0.83935546875 0.0537109375 0.0498046875
9 0.97900390625 0.8857421875 0.0302734375 0.033203125
9 0.845703125 0.98828125 0.037109375 0.0234375
8 0.84375 0.48193359375 0.091796875 0.0927734375
4 0.51904296875 0.93359375 0.0283203125 0.013671875
4 0.52001953125 0.9189453125 0.0302734375 0.017578125
4 0.64794921875 0.9794921875 0.0263671875 0.015625
4 0.64794921875 0.966796875 0.0380859375 0.01953125
4 0.6455078125 0.93310546875 0.060546875 0.0322265625
4 0.6572265625 0.92041015625 0.033203125 0.0185546875
4 0.70458984375 0.947265625 0.0556640625 0.03125
4 0.68603515625 0.9736328125 0.0244140625 0.017578125
4 0.53271484375 0.8876953125 0.0556640625 0.03125
4 0.51171875 0.95751953125 0.029296875 0.0205078125
4 0.50537109375 0.98681640625 0.0283203125 0.0205078125
4 0.556640625 0.8603515625 0.044921875 0.052734375
4 0.56494140625 0.84326171875 0.0302734375 0.0322265625
4 0.58642578125 0.82568359375 0.0283203125 0.0283203125
9 0.78369140625 0.0087890625 0.0263671875 0.015625
9 0.99462890625 0.00634765625 0.0107421875 0.0107421875
4 0.826171875 0.025390625 0.048828125 0.05078125
9 0.7529296875 0.0458984375 0.046875 0.046875
4 0.98583984375 0.15234375 0.0283203125 0.0390625
4 0.955078125 0.11279296875 0.0625 0.0712890625
9 0.8447265625 0.16552734375 0.04296875 0.0400390625
9 0.79248046875 0.2255859375 0.0341796875 0.03515625
9 0.96875 0.30908203125 0.0625 0.1142578125
8 0.75927734375 0.5595703125 0.0888671875 0.08984375
8 0.7998046875 0.5205078125 0.087890625 0.08984375
4 0.775390625 0.07421875 0.03515625 0.041015625
9 0.6865234375 0.0859375 0.03515625 0.037109375
4 0.59814453125 0.81689453125 0.0244140625 0.0263671875
4 0.56787109375 0.39892578125 0.0419921875 0.0419921875
4 0.65576171875 0.81884765625 0.0205078125 0.0380859375
4 0.67431640625 0.81884765625 0.0185546875 0.0263671875
4 0.74267578125 0.8369140625 0.0185546875 0.03515625
4 0.75927734375 0.841796875 0.0283203125 0.041015625
4 0.79345703125 0.853515625 0.0205078125 0.0546875
9 0.67822265625 0.56982421875 0.0810546875 0.0830078125
4 0.5078125 0.4560546875 0.044921875 0.046875
4 0.525390625 0.4306640625 0.048828125 0.052734375
4 0.56005859375 0.41162109375 0.0322265625 0.0361328125
4 0.583984375 0.39111328125 0.03125 0.0341796875
9 0.6435546875 0.13134765625 0.041015625 0.0419921875
4 0.6103515625 0.36376953125 0.03125 0.0322265625
9 0.6728515625 0.34912109375 0.05078125 0.0478515625
4 0.48779296875 0.32373046875 0.0400390625 0.0400390625
4 0.509765625 0.30126953125 0.03125 0.0341796875
4 0.5234375 0.29345703125 0.0390625 0.0439453125
4 0.541015625 0.275390625 0.04296875 0.04296875
9 0.56640625 0.2060546875 0.046875 0.041015625
9 0.75537109375 0.25 0.0361328125 0.03515625
9 0.61767578125 0.16845703125 0.0400390625 0.0380859375
