4 0.0107421875 0.45556640625 0.01953125 0.0419921875
4 0.0205078125 0.43310546875 0.0390625 0.0634765625
4 0.03125 0.42138671875 0.0546875 0.0615234375
4 0.046875 0.40625 0.05859375 0.06640625
4 0.06640625 0.39208984375 0.060546875 0.0712890625
4 0.0830078125 0.37060546875 0.05859375 0.0693359375
4 0.107421875 0.36376953125 0.056640625 0.0654296875
4 0.12109375 0.33935546875 0.06640625 0.0771484375
4 0.17236328125 0.4013671875 0.0576171875 0.052734375
4 0.134765625 0.42724609375 0.044921875 0.0537109375
4 0.119140625 0.43896484375 0.046875 0.0556640625
4 0.1025390625 0.453125 0.052734375 0.05859375
4 0.08447265625 0.46484375 0.0478515625 0.056640625
4 0.06591796875 0.4755859375 0.0478515625 0.05859375
4 0.0498046875 0.4912109375 0.04296875 0.05078125
4 0.21142578125 0.5224609375 0.0478515625 0.056640625
4 0.03564453125 0.64892578125 0.0498046875 0.0537109375
4 0.0546875 0.6357421875 0.052734375 0.052734375
4 0.068359375 0.62255859375 0.05078125 0.0517578125
4 0.10498046875 0.59619140625 0.0537109375 0.0537109375
4 0.12353515625 0.5859375 0.0498046875 0.056640625
4 0.14111328125 0.57275390625 0.0458984375 0.0537109375
4 0.1572265625 0.560546875 0.044921875 0.056640625
4 0.171875 0.548828125 0.044921875 0.05859375
4 0.197265625 0.53466796875 0.044921875 0.0537109375
4 0.24560546875 0.50048828125 0.0458984375 0.0537109375
4 0.013671875 0.6787109375 0.025390625 0.048828125
4 0.28271484375 0.54638671875 0.0458984375 0.0537109375
4 0.26806640625 0.55908203125 0.0458984375 0.0556640625
4 0.2490234375 0.56640625 0.0390625 0.05078125
4 0.232421875 0.58251953125 0.044921875 0.0556640625
4 0.2138671875 0.59814453125 0.048828125 0.0556640625
4 0.1953125 0.61083984375 0.044921875 0.0537109375
4 0.17822265625 0.62060546875 0.0439453125 0.0517578125
4 0.16162109375 0.6337890625 0.0400390625 0.052734375
4 0.142578125 0.64794921875 0.046875 0.0556640625
4 0.0224609375 0.666015625 0.04296875 0.0546875
4 0.03369140625 0.5068359375 0.0517578125 0.0625
4 0.02099609375 0.51708984375 0.0400390625 0.0556640625
4 0.01171875 0.53369140625 0.021484375 0.0419921875
5 0.10302734375 0.4296875 0.2041015625 0.24609375
4 0.10498046875 0.66845703125 0.0302734375 0.0400390625
4 0.09423828125 0.166015625 0.0771484375 0.076171875
4 0.10546875 0.13427734375 0.08984375 0.0869140625
4 0.13525390625 0.1220703125 0.0791015625 0.080078125
4 0.14599609375 0.0869140625 0.0888671875 0.099609375
4 0.16259765625 0.056640625 0.0693359375 0.10546875
5 0.107421875 0.16943359375 0.212890625 0.2705078125
4 0.05712890625 0.20361328125 0.0751953125 0.0732421875
4 0.0673828125 0.1767578125 0.0859375 0.087890625
4 0.033203125 0.2177734375 0.064453125 0.068359375
4 0.021484375 0.24169921875 0.041015625 0.0615234375
4 0.009765625 0.275390625 0.017578125 0.03515625
4 0.1279296875 0.6611328125 0.046875 0.05859375
4 0.09375 0.6865234375 0.052734375 0.056640625
4 0.42578125 0.86376953125 0.048828125 0.0517578125
4 0.4267578125 0.9873046875 0.03515625 0.025390625
4 0.44970703125 0.97900390625 0.0517578125 0.0419921875
4 0.46826171875 0.97119140625 0.0517578125 0.0517578125
4 0.48486328125 0.9580078125 0.0556640625 0.0546875
4 0.49951171875 0.94482421875 0.0537109375 0.0576171875
4 0.53076171875 0.916015625 0.0478515625 0.056640625
4 0.5498046875 0.90185546875 0.048828125 0.0576171875
4 0.58984375 0.94677734375 0.04296875 0.0537109375
4 0.578125 0.95654296875 0.041015625 0.0478515625
4 0.56640625 0.96923828125 0.046875 0.0537109375
4 0.55322265625 0.97705078125 0.0439453125 0.0458984375
4 0.5390625 0.98193359375 0.0390625 0.0361328125
4 0.52294921875 0.98681640625 0.0283203125 0.0263671875
4 0.50732421875 0.99169921875 0.0244140625 0.0166015625
4 0.2578125 0.98583984375 0.033203125 0.0283203125
4 0.39013671875 0.89404296875 0.0439453125 0.0458984375
4 0.36328125 0.912109375 0.04296875 0.046875
4 0.35009765625 0.92431640625 0.0419921875 0.0498046875
4 0.33740234375 0.93505859375 0.0439453125 0.0517578125
4 0.3271484375 0.94677734375 0.044921875 0.0537109375
4 0.31396484375 0.95654296875 0.0439453125 0.0517578125
4 0.30078125 0.96533203125 0.041015625 0.0517578125
4 0.28857421875 0.97607421875 0.0400390625 0.0478515625
4 0.27392578125 0.98046875 0.0400390625 0.0390625
4 0.24169921875 0.9912109375 0.0263671875 0.017578125
5 0.32177734375 0.8681640625 0.3935546875 0.263671875
5 0.5068359375 0.93408203125 0.224609375 0.1318359375
4 0.40087890625 0.884765625 0.0478515625 0.048828125
4 0.4404296875 0.85302734375 0.046875 0.0517578125
4 0.05859375 0.708984375 0.044921875 0.05078125
4 0.4521484375 0.83935546875 0.044921875 0.0478515625
4 0.18408203125 0.771484375 0.0556640625 0.060546875
4 0.20068359375 0.76416015625 0.0458984375 0.0478515625
4 0.2119140625 0.75048828125 0.048828125 0.0498046875
4 0.24072265625 0.7294921875 0.0478515625 0.048828125
4 0.25244140625 0.7197265625 0.0498046875 0.052734375
4 0.26513671875 0.70703125 0.0478515625 0.052734375
4 0.27783203125 0.69970703125 0.0478515625 0.0498046875
4 0.29150390625 0.68798828125 0.0458984375 0.0498046875
4 0.30419921875 0.6806640625 0.0400390625 0.04296875
4 0.31640625 0.6669921875 0.041015625 0.048828125
4 0.32666015625 0.65625 0.0458984375 0.048828125
4 0.34033203125 0.64990234375 0.0361328125 0.0439453125
4 0.349609375 0.638671875 0.044921875 0.05078125
4 0.39013671875 0.68017578125 0.0498046875 0.0478515625
4 0.373046875 0.6904296875 0.041015625 0.048828125
4 0.3603515625 0.70166015625 0.04296875 0.0478515625
4 0.34814453125 0.7138671875 0.0419921875 0.048828125
4 0.33544921875 0.72412109375 0.0439453125 0.0478515625
4 0.29931640625 0.76025390625 0.0439453125 0.0498046875
4 0.2841796875 0.76904296875 0.041015625 0.0458984375
4 0.2744140625 0.783203125 0.048828125 0.0546875
4 0.1708984375 0.78515625 0.0546875 0.064453125
4 0.15771484375 0.80322265625 0.0498046875 0.0537109375
4 0.1376953125 0.8125 0.056640625 0.0625
5 0.158203125 0.6259765625 0.314453125 0.3203125
4 0.0400390625 0.72265625 0.044921875 0.05078125
4 0.02490234375 0.736328125 0.0478515625 0.0546875
4 0.015625 0.7490234375 0.029296875 0.05859375
4 0.119140625 0.82470703125 0.05859375 0.0634765625
4 0.01806640625 0.92578125 0.0341796875 0.05859375
4 0.02197265625 0.9033203125 0.0419921875 0.056640625
4 0.0361328125 0.89306640625 0.060546875 0.0712890625
4 0.05859375 0.88037109375 0.05859375 0.0576171875
4 0.07470703125 0.8642578125 0.0654296875 0.0625
4 0.08740234375 0.85107421875 0.0498046875 0.0498046875
4 0.10400390625 0.8388671875 0.0595703125 0.0625
4 0.26025390625 0.7939453125 0.0458984375 0.052734375
4 0.2451171875 0.802734375 0.041015625 0.048828125
4 0.232421875 0.81298828125 0.04296875 0.0498046875
4 0.341796875 0.8603515625 0.04296875 0.046875
4 0.2177734375 0.9599609375 0.04296875 0.052734375
4 0.22998046875 0.9501953125 0.0419921875 0.05078125
4 0.2421875 0.9404296875 0.046875 0.05078125
4 0.255859375 0.931640625 0.04296875 0.048828125
4 0.2705078125 0.9228515625 0.0390625 0.044921875
4 0.29052734375 0.9013671875 0.0439453125 0.046875
4 0.302734375 0.89013671875 0.046875 0.0517578125
4 0.31591796875 0.88134765625 0.0458984375 0.0498046875
4 0.32958984375 0.873046875 0.0361328125 0.041015625
4 0.35302734375 0.8486328125 0.0439453125 0.05078125
4 0.193359375 0.98388671875 0.029296875 0.0322265625
4 0.36474609375 0.8359375 0.0498046875 0.0546875
4 0.3935546875 0.82177734375 0.037109375 0.0400390625
4 0.40185546875 0.81103515625 0.0458984375 0.0458984375
4 0.41552734375 0.7998046875 0.0478515625 0.044921875
4 0.4267578125 0.78466796875 0.05078125 0.0537109375
4 0.44189453125 0.77783203125 0.0439453125 0.0478515625
4 0.49267578125 0.80810546875 0.0419921875 0.0478515625
4 0.48046875 0.8193359375 0.044921875 0.046875
4 0.46728515625 0.83056640625 0.0439453125 0.0478515625
4 0.203125 0.9697265625 0.044921875 0.052734375
4 0.1767578125 0.98486328125 0.0390625 0.0302734375
4 0.20849609375 0.83349609375 0.0400390625 0.0439453125
4 0.06787109375 0.95361328125 0.0380859375 0.0478515625
4 0.19677734375 0.8447265625 0.0458984375 0.048828125
4 0.18408203125 0.85693359375 0.0458984375 0.0498046875
4 0.16943359375 0.865234375 0.0400390625 0.04296875
4 0.1591796875 0.87841796875 0.046875 0.0517578125
4 0.1474609375 0.890625 0.044921875 0.05078125
4 0.1318359375 0.90234375 0.044921875 0.046875
4 0.10595703125 0.92041015625 0.0439453125 0.0458984375
4 0.09423828125 0.93212890625 0.0439453125 0.0498046875
4 0.08203125 0.9423828125 0.04296875 0.046875
4 0.05322265625 0.9638671875 0.0380859375 0.046875
4 0.1611328125 0.98974609375 0.029296875 0.0205078125
4 0.04150390625 0.97509765625 0.0419921875 0.0498046875
4 0.025390625 0.98046875 0.0390625 0.0390625
4 0.45556640625 0.7666015625 0.0458984375 0.048828125
