4 0.39501953125 0.11669921875 0.0283203125 0.0283203125
4 0.5498046875 0.08544921875 0.02734375 0.0283203125
4 0.51708984375 0.10546875 0.0244140625 0.0234375
4 0.35498046875 0.0546875 0.0341796875 0.033203125
4 0.36669921875 0.04541015625 0.0302734375 0.0341796875
4 0.375 0.0361328125 0.025390625 0.0390625
4 0.3876953125 0.0283203125 0.029296875 0.033203125
4 0.3994140625 0.02490234375 0.041015625 0.0419921875
4 0.40771484375 0.0126953125 0.0283203125 0.0234375
4 0.42236328125 0.0107421875 0.0283203125 0.01953125
9 0.1328125 0.01220703125 0.0390625 0.0224609375
4 0.35595703125 0.00927734375 0.0224609375 0.0166015625
4 0.34130859375 0.015625 0.0263671875 0.029296875
4 0.36572265625 0.00634765625 0.0166015625 0.0107421875
9 0.046875 0.974609375 0.03125 0.03515625
9 0.25537109375 0.86767578125 0.0419921875 0.0302734375
9 0.15185546875 0.8544921875 0.0380859375 0.044921875
9 0.2998046875 0.984375 0.02734375 0.017578125
9 0.41748046875 0.97900390625 0.0302734375 0.0283203125
8 0.52880859375 0.5634765625 0.0908203125 0.095703125
8 0.572265625 0.5244140625 0.095703125 0.09765625
8 0.61279296875 0.4912109375 0.0888671875 0.08984375
9 0.9072265625 0.5517578125 0.12890625 0.1328125
4 0.22900390625 0.2431640625 0.0283203125 0.029296875
4 0.23486328125 0.234375 0.0263671875 0.029296875
4 0.29296875 0.25732421875 0.013671875 0.0341796875
4 0.30322265625 0.24658203125 0.0146484375 0.0283203125
4 0.3154296875 0.240234375 0.013671875 0.03125
9 0.1201171875 0.0830078125 0.0625 0.0546875
9 0.08056640625 0.111328125 0.0400390625 0.04296875
4 0.8662109375 0.11083984375 0.041015625 0.0361328125
4 0.9423828125 0.0166015625 0.046875 0.03125
4 0.9267578125 0.01904296875 0.041015625 0.0322265625
4 0.90380859375 0.048828125 0.0380859375 0.03125
4 0.900390625 0.06494140625 0.046875 0.0400390625
4 0.8857421875 0.0791015625 0.0390625 0.033203125
4 0.8740234375 0.0966796875 0.041015625 0.03125
4 0.85400390625 0.12353515625 0.0400390625 0.0361328125
5 0.87646484375 0.0810546875 0.1982421875 0.16015625
4 0.9560546875 0.19189453125 0.060546875 0.0478515625
4 0.9765625 0.17724609375 0.037109375 0.0283203125
4 0.9638671875 0.146484375 0.072265625 0.0546875
4 0.978515625 0.13427734375 0.04296875 0.0361328125
4 0.97314453125 0.107421875 0.0537109375 0.046875
4 0.982421875 0.0849609375 0.03515625 0.033203125
4 0.98974609375 0.064453125 0.0205078125 0.03125
4 0.82568359375 0.08251953125 0.0458984375 0.0361328125
4 0.75 0.02001953125 0.05078125 0.0380859375
4 0.734375 0.02587890625 0.03515625 0.0322265625
5 0.73876953125 0.03173828125 0.0791015625 0.0615234375
4 0.83642578125 0.06298828125 0.0478515625 0.0380859375
4 0.84619140625 0.04736328125 0.0498046875 0.0419921875
4 0.85400390625 0.033203125 0.0537109375 0.044921875
4 0.875 0.01416015625 0.052734375 0.0263671875
