4 0.5234375 0.943359375 0.052734375 0.041015625
4 0.51806640625 0.9677734375 0.0458984375 0.0390625
9 0.3037109375 0.9208984375 0.1015625 0.158203125
4 0.4697265625 0.814453125 0.03125 0.01953125
4 0.46435546875 0.82470703125 0.0380859375 0.0244140625
4 0.4599609375 0.83740234375 0.044921875 0.0205078125
4 0.45703125 0.85986328125 0.037109375 0.0263671875
4 0.4462890625 0.87158203125 0.037109375 0.0283203125
4 0.4404296875 0.880859375 0.04296875 0.029296875
4 0.43359375 0.89599609375 0.05078125 0.0322265625
4 0.42333984375 0.91015625 0.0458984375 0.033203125
4 0.41943359375 0.93408203125 0.0419921875 0.0322265625
4 0.41943359375 0.95263671875 0.0322265625 0.0224609375
4 0.4169921875 0.96826171875 0.03515625 0.0205078125
4 0.40234375 0.98095703125 0.033203125 0.0263671875
4 0.38623046875 0.984375 0.0400390625 0.03125
4 0.50732421875 0.98193359375 0.0439453125 0.0361328125
4 0.57275390625 0.97216796875 0.0361328125 0.0322265625
4 0.5625 0.9873046875 0.0390625 0.025390625
5 0.537109375 0.95654296875 0.134765625 0.0869140625
4 0.57568359375 0.82470703125 0.0322265625 0.0439453125
4 0.59375 0.83447265625 0.037109375 0.0458984375
4 0.05078125 0.82080078125 0.08984375 0.0634765625
