4 0.00634765625 0.626953125 0.0107421875 0.0234375
4 0.01318359375 0.615234375 0.0244140625 0.0390625
4 0.0185546875 0.6064453125 0.033203125 0.0390625
4 0.02880859375 0.599609375 0.0302734375 0.03515625
4 0.04638671875 0.58154296875 0.0322265625 0.0361328125
4 0.11279296875 0.6201171875 0.0771484375 0.0859375
4 0.08056640625 0.60693359375 0.0302734375 0.0361328125
4 0.07275390625 0.6142578125 0.0322265625 0.03515625
4 0.06103515625 0.623046875 0.0263671875 0.03515625
4 0.0517578125 0.630859375 0.02734375 0.03515625
4 0.04248046875 0.6396484375 0.0283203125 0.03515625
4 0.0341796875 0.64892578125 0.029296875 0.0380859375
4 0.02392578125 0.65673828125 0.0322265625 0.0419921875
4 0.01611328125 0.6640625 0.0302734375 0.037109375
4 0.009765625 0.67236328125 0.017578125 0.0322265625
4 0.00634765625 0.68701171875 0.0107421875 0.0224609375
5 0.0185546875 0.47705078125 0.03515625 0.1123046875
5 0.056640625 0.62255859375 0.111328125 0.1533203125
4 0.93994140625 0.27099609375 0.0380859375 0.0419921875
4 0.08154296875 0.779296875 0.0361328125 0.017578125
4 0.11962890625 0.74169921875 0.0224609375 0.0380859375
4 0.1904296875 0.8681640625 0.03125 0.02734375
11 0.13818359375 0.46142578125 0.0400390625 0.0361328125
4 0.00830078125 0.50732421875 0.0146484375 0.0263671875
