4 0.9150390625 0.22216796875 0.041015625 0.0556640625
4 0.9873046875 0.1748046875 0.025390625 0.052734375
4 0.974609375 0.19140625 0.04296875 0.060546875
4 0.955078125 0.2001953125 0.0390625 0.052734375
4 0.93505859375 0.21240234375 0.0498046875 0.0634765625
4 0.8984375 0.23486328125 0.041015625 0.0498046875
4 0.8623046875 0.25830078125 0.044921875 0.0517578125
4 0.8427734375 0.26904296875 0.0390625 0.0517578125
4 0.8232421875 0.27978515625 0.041015625 0.0537109375
4 0.80810546875 0.29541015625 0.0439453125 0.0595703125
4 0.78759765625 0.30322265625 0.0400390625 0.0576171875
5 0.84521484375 0.22216796875 0.3095703125 0.2138671875
4 0.9775390625 0.08251953125 0.044921875 0.0732421875
4 0.7470703125 0.2197265625 0.072265625 0.1015625
4 0.779296875 0.21484375 0.048828125 0.068359375
4 0.802734375 0.20166015625 0.056640625 0.0751953125
4 0.861328125 0.1669921875 0.048828125 0.068359375
4 0.88720703125 0.14892578125 0.0537109375 0.0810546875
4 0.9111328125 0.13623046875 0.046875 0.0634765625
4 0.93408203125 0.1181640625 0.0498046875 0.06640625
4 0.96142578125 0.10009765625 0.0556640625 0.0673828125
4 0.9755859375 0.6396484375 0.048828125 0.06640625
4 0.98583984375 0.62451171875 0.0283203125 0.0556640625
4 0.8916015625 0.5205078125 0.064453125 0.056640625
4 0.95263671875 0.31982421875 0.0498046875 0.0458984375
4 0.94189453125 0.35888671875 0.0498046875 0.0419921875
4 0.951171875 0.38134765625 0.060546875 0.0517578125
4 0.96630859375 0.39794921875 0.0458984375 0.0380859375
4 0.9765625 0.4189453125 0.046875 0.046875
4 0.98291015625 0.43798828125 0.0341796875 0.0439453125
4 0.9072265625 0.54443359375 0.05859375 0.0537109375
4 0.87646484375 0.50390625 0.0537109375 0.044921875
4 0.86572265625 0.4853515625 0.0576171875 0.05859375
5 0.65625 0.05908203125 0.05078125 0.1162109375
4 0.80078125 0.4287109375 0.03125 0.03515625
4 0.826171875 0.43310546875 0.046875 0.0439453125
4 0.8359375 0.44970703125 0.05078125 0.0458984375
4 0.9892578125 0.46142578125 0.021484375 0.0341796875
4 0.98583984375 0.3232421875 0.0283203125 0.041015625
4 0.98974609375 0.34765625 0.0205078125 0.033203125
5 0.98046875 0.37158203125 0.0390625 0.0791015625
