4 0.16455078125 0.29833984375 0.0263671875 0.0380859375
4 0.01220703125 0.14501953125 0.0224609375 0.0263671875
4 0.02001953125 0.21044921875 0.0380859375 0.0673828125
4 0.03662109375 0.21484375 0.0498046875 0.06640625
4 0.04833984375 0.23828125 0.0361328125 0.046875
4 0.0576171875 0.24755859375 0.029296875 0.0361328125
4 0.07275390625 0.25439453125 0.0322265625 0.0419921875
4 0.08544921875 0.2578125 0.0283203125 0.04296875
4 0.10302734375 0.25830078125 0.0380859375 0.0537109375
4 0.1123046875 0.27294921875 0.03125 0.0400390625
4 0.12841796875 0.279296875 0.0361328125 0.044921875
4 0.1806640625 0.30810546875 0.029296875 0.0400390625
4 0.19140625 0.31201171875 0.02734375 0.0380859375
4 0.205078125 0.31640625 0.02734375 0.037109375
4 0.2158203125 0.3232421875 0.02734375 0.0390625
4 0.22705078125 0.33154296875 0.0224609375 0.0341796875
4 0.24267578125 0.3330078125 0.0224609375 0.0390625
4 0.2587890625 0.337890625 0.025390625 0.041015625
4 0.271484375 0.3427734375 0.021484375 0.0390625
4 0.28759765625 0.34716796875 0.0244140625 0.0439453125
4 0.2998046875 0.35205078125 0.025390625 0.0458984375
4 0.3125 0.3642578125 0.021484375 0.029296875
4 0.32470703125 0.36474609375 0.0283203125 0.0439453125
4 0.01611328125 0.13134765625 0.0302734375 0.0302734375
4 0.02001953125 0.11767578125 0.0380859375 0.0302734375
4 0.0244140625 0.10546875 0.041015625 0.033203125
4 0.02978515625 0.0908203125 0.0380859375 0.029296875
4 0.06689453125 0.02685546875 0.0361328125 0.0283203125
4 0.05419921875 0.0537109375 0.0380859375 0.029296875
4 0.03955078125 0.07861328125 0.0419921875 0.0322265625
4 0.34033203125 0.36962890625 0.0263671875 0.0419921875
4 0.3544921875 0.3740234375 0.029296875 0.044921875
4 0.36767578125 0.3818359375 0.0224609375 0.0390625
4 0.4296875 0.31591796875 0.0234375 0.0322265625
4 0.4072265625 0.3037109375 0.0234375 0.037109375
4 0.396484375 0.2978515625 0.021484375 0.03125
4 0.38671875 0.291015625 0.01953125 0.029296875
4 0.3740234375 0.28662109375 0.0234375 0.0322265625
4 0.3564453125 0.2802734375 0.02734375 0.03515625
4 0.34130859375 0.2763671875 0.0283203125 0.044921875
4 0.3291015625 0.26123046875 0.0234375 0.0341796875
4 0.3173828125 0.26123046875 0.025390625 0.0380859375
4 0.30322265625 0.25390625 0.0283203125 0.0390625
4 0.27978515625 0.24169921875 0.0263671875 0.0322265625
4 0.2666015625 0.236328125 0.025390625 0.03515625
4 0.25732421875 0.2275390625 0.0224609375 0.03125
4 0.2431640625 0.2236328125 0.025390625 0.037109375
4 0.2314453125 0.21826171875 0.025390625 0.0361328125
4 0.21875 0.212890625 0.02734375 0.0390625
4 0.2109375 0.20751953125 0.021484375 0.0361328125
4 0.19873046875 0.19970703125 0.0244140625 0.0361328125
4 0.17822265625 0.1904296875 0.0244140625 0.03515625
4 0.16650390625 0.18212890625 0.0185546875 0.0380859375
4 0.1455078125 0.17138671875 0.025390625 0.0302734375
4 0.1357421875 0.16748046875 0.025390625 0.0341796875
4 0.10107421875 0.123046875 0.0263671875 0.046875
4 0.12890625 0.1142578125 0.033203125 0.044921875
4 0.41796875 0.31005859375 0.0234375 0.0322265625
4 0.44140625 0.3232421875 0.025390625 0.03515625
4 0.380859375 0.3837890625 0.02734375 0.041015625
4 0.46142578125 0.33056640625 0.0302734375 0.0341796875
4 0.39599609375 0.39111328125 0.0205078125 0.0361328125
4 0.40869140625 0.39697265625 0.0244140625 0.0380859375
4 0.4228515625 0.400390625 0.021484375 0.03515625
4 0.435546875 0.40625 0.02734375 0.041015625
4 0.46337890625 0.41748046875 0.0263671875 0.0361328125
4 0.47900390625 0.423828125 0.0244140625 0.03515625
4 0.49072265625 0.4248046875 0.0244140625 0.0390625
4 0.5087890625 0.43212890625 0.029296875 0.0380859375
4 0.5205078125 0.4365234375 0.02734375 0.0390625
4 0.5361328125 0.4443359375 0.029296875 0.0390625
4 0.54931640625 0.451171875 0.0263671875 0.03125
4 0.5654296875 0.45361328125 0.029296875 0.0380859375
4 0.60107421875 0.400390625 0.0244140625 0.03515625
4 0.62255859375 0.4111328125 0.0244140625 0.033203125
4 0.5673828125 0.38427734375 0.02734375 0.0380859375
4 0.5556640625 0.376953125 0.025390625 0.03515625
4 0.54052734375 0.373046875 0.0263671875 0.0390625
4 0.53076171875 0.365234375 0.0244140625 0.03125
4 0.51953125 0.35986328125 0.01953125 0.0361328125
4 0.51025390625 0.35546875 0.0263671875 0.033203125
4 0.49951171875 0.34912109375 0.0244140625 0.0380859375
4 0.48828125 0.34375 0.025390625 0.03515625
4 0.47412109375 0.33837890625 0.0244140625 0.0361328125
9 0.32666015625 0.77587890625 0.0361328125 0.0478515625
9 0.36083984375 0.806640625 0.0419921875 0.046875
9 0.4228515625 0.80712890625 0.037109375 0.0380859375
9 0.39697265625 0.83935546875 0.0341796875 0.0400390625
9 0.3896484375 0.8876953125 0.044921875 0.041015625
9 0.46484375 0.833984375 0.044921875 0.0390625
9 0.50439453125 0.822265625 0.0341796875 0.04296875
9 0.58447265625 0.57470703125 0.0322265625 0.0478515625
9 0.38525390625 0.50732421875 0.0400390625 0.0576171875
9 0.4296875 0.51318359375 0.0390625 0.0341796875
9 0.47900390625 0.53515625 0.0341796875 0.041015625
9 0.51611328125 0.533203125 0.0322265625 0.025390625
9 0.78271484375 0.6142578125 0.0908203125 0.07421875
9 0.38330078125 0.78369140625 0.0458984375 0.0537109375
9 0.36181640625 0.71728515625 0.0458984375 0.0439453125
9 0.0078125 0.45458984375 0.013671875 0.0244140625
9 0.173828125 0.61767578125 0.0390625 0.0380859375
9 0.14111328125 0.64453125 0.0439453125 0.041015625
9 0.19091796875 0.7119140625 0.0400390625 0.041015625
9 0.2177734375 0.69140625 0.037109375 0.03515625
9 0.248046875 0.716796875 0.048828125 0.05078125
9 0.0107421875 0.87939453125 0.01953125 0.0380859375
9 0.0517578125 0.90380859375 0.0546875 0.0517578125
9 0.0771484375 0.94287109375 0.056640625 0.0537109375
9 0.1083984375 0.966796875 0.044921875 0.046875
9 0.15576171875 0.97705078125 0.0380859375 0.0380859375
9 0.29052734375 0.697265625 0.0498046875 0.04296875
9 0.28515625 0.75927734375 0.044921875 0.0419921875
4 0.15869140625 0.13134765625 0.0322265625 0.0439453125
4 0.1435546875 0.123046875 0.03125 0.041015625
4 0.17529296875 0.13671875 0.0322265625 0.041015625
11 0.65576171875 0.8818359375 0.0400390625 0.037109375
4 0.18896484375 0.14794921875 0.0283203125 0.0341796875
4 0.71142578125 0.06591796875 0.0439453125 0.0634765625
4 0.525390625 0.0068359375 0.025390625 0.01171875
4 0.54736328125 0.01123046875 0.0361328125 0.0205078125
4 0.57177734375 0.01611328125 0.0361328125 0.0302734375
4 0.5908203125 0.021484375 0.037109375 0.041015625
4 0.60888671875 0.02490234375 0.0458984375 0.0478515625
4 0.626953125 0.0341796875 0.0390625 0.0546875
4 0.65234375 0.0361328125 0.044921875 0.064453125
4 0.67041015625 0.04833984375 0.0419921875 0.0576171875
4 0.9892578125 0.24853515625 0.021484375 0.0458984375
4 0.4765625 0.02099609375 0.029296875 0.0400390625
4 0.46240234375 0.01708984375 0.0302734375 0.0322265625
4 0.443359375 0.01318359375 0.02734375 0.0244140625
4 0.42578125 0.00927734375 0.0234375 0.0166015625
4 0.41064453125 0.00537109375 0.0185546875 0.0087890625
4 0.98291015625 0.0703125 0.0341796875 0.056640625
5 0.98193359375 0.05126953125 0.0361328125 0.1005859375
4 0.94287109375 0.181640625 0.0205078125 0.0390625
4 0.958984375 0.18212890625 0.02734375 0.0478515625
4 0.97314453125 0.1904296875 0.0302734375 0.04296875
4 0.98828125 0.19189453125 0.0234375 0.0439453125
4 0.93212890625 0.22412109375 0.0224609375 0.0361328125
4 0.94482421875 0.232421875 0.0244140625 0.04296875
4 0.96240234375 0.234375 0.0244140625 0.037109375
5 0.56640625 0.083984375 0.373046875 0.166015625
4 0.9931640625 0.02001953125 0.013671875 0.0380859375
4 0.49267578125 0.02294921875 0.0302734375 0.0361328125
4 0.505859375 0.0302734375 0.03125 0.0390625
4 0.521484375 0.0400390625 0.03515625 0.04296875
4 0.60400390625 0.34765625 0.0361328125 0.048828125
4 0.63037109375 0.36474609375 0.0302734375 0.0419921875
5 0.375 0.2607421875 0.59375 0.361328125
4 0.6220703125 0.251953125 0.046875 0.06640625
4 0.60888671875 0.23486328125 0.0361328125 0.0478515625
4 0.595703125 0.22900390625 0.037109375 0.0498046875
4 0.57763671875 0.22412109375 0.0400390625 0.0517578125
4 0.56591796875 0.2138671875 0.0380859375 0.048828125
4 0.55126953125 0.20947265625 0.0419921875 0.0498046875
4 0.53515625 0.19970703125 0.037109375 0.0498046875
4 0.5224609375 0.19189453125 0.03515625 0.0478515625
4 0.50732421875 0.1875 0.0380859375 0.048828125
4 0.4931640625 0.1806640625 0.029296875 0.044921875
4 0.4775390625 0.17724609375 0.0390625 0.0517578125
4 0.46484375 0.16845703125 0.03125 0.0439453125
4 0.44970703125 0.1650390625 0.0419921875 0.052734375
4 0.4208984375 0.1435546875 0.03125 0.04296875
4 0.40966796875 0.1376953125 0.0322265625 0.04296875
4 0.39404296875 0.134765625 0.0380859375 0.048828125
4 0.37841796875 0.1279296875 0.0380859375 0.052734375
4 0.3408203125 0.10205078125 0.02734375 0.0380859375
4 0.328125 0.0986328125 0.029296875 0.041015625
4 0.31005859375 0.095703125 0.0419921875 0.05078125
4 0.28955078125 0.08447265625 0.0380859375 0.0498046875
4 0.61767578125 0.35693359375 0.0322265625 0.0419921875
4 0.5859375 0.34130859375 0.037109375 0.0478515625
4 0.25927734375 0.06591796875 0.0361328125 0.0498046875
4 0.568359375 0.333984375 0.03515625 0.04296875
4 0.2119140625 0.1611328125 0.025390625 0.03125
4 0.22900390625 0.16552734375 0.0322265625 0.0400390625
4 0.24072265625 0.173828125 0.0302734375 0.037109375
4 0.25830078125 0.17919921875 0.0302734375 0.0400390625
4 0.27001953125 0.19091796875 0.0283203125 0.0341796875
4 0.2861328125 0.193359375 0.03125 0.0390625
4 0.296875 0.20556640625 0.02734375 0.0341796875
4 0.3115234375 0.2080078125 0.03125 0.04296875
4 0.32373046875 0.216796875 0.0302734375 0.0390625
4 0.33837890625 0.22216796875 0.0302734375 0.0419921875
4 0.35205078125 0.2275390625 0.0322265625 0.04296875
4 0.36572265625 0.23583984375 0.0302734375 0.0400390625
4 0.37890625 0.24169921875 0.03125 0.0400390625
4 0.39208984375 0.248046875 0.0283203125 0.0390625
4 0.40576171875 0.25634765625 0.0302734375 0.0400390625
4 0.4169921875 0.2646484375 0.03125 0.037109375
4 0.4296875 0.27294921875 0.02734375 0.0361328125
4 0.4462890625 0.2744140625 0.03515625 0.041015625
4 0.4599609375 0.28271484375 0.03515625 0.0419921875
4 0.4892578125 0.29638671875 0.03515625 0.0419921875
4 0.505859375 0.302734375 0.033203125 0.044921875
4 0.52587890625 0.31201171875 0.0400390625 0.0517578125
4 0.5556640625 0.326171875 0.03515625 0.046875
4 0.27294921875 0.0712890625 0.0283203125 0.041015625
4 0.2451171875 0.0595703125 0.03125 0.046875
4 0.5341796875 0.046875 0.025390625 0.044921875
4 0.4716796875 0.12109375 0.02734375 0.037109375
4 0.50146484375 0.12939453125 0.0322265625 0.0439453125
4 0.52490234375 0.14306640625 0.0302734375 0.0380859375
4 0.53857421875 0.14697265625 0.0322265625 0.0458984375
4 0.55029296875 0.15283203125 0.0322265625 0.0419921875
4 0.56396484375 0.158203125 0.0322265625 0.041015625
4 0.57470703125 0.16796875 0.0263671875 0.033203125
4 0.58935546875 0.17626953125 0.0224609375 0.0322265625
4 0.61767578125 0.185546875 0.0302734375 0.041015625
4 0.6298828125 0.19482421875 0.0234375 0.0341796875
4 0.6435546875 0.1962890625 0.02734375 0.0390625
4 0.65283203125 0.20751953125 0.0263671875 0.0341796875
4 0.6650390625 0.21044921875 0.029296875 0.0400390625
4 0.677734375 0.216796875 0.029296875 0.041015625
5 0.42578125 0.15478515625 0.57421875 0.3076171875
4 0.6923828125 0.1279296875 0.03515625 0.056640625
4 0.6728515625 0.1171875 0.037109375 0.05078125
4 0.66064453125 0.1064453125 0.0341796875 0.046875
4 0.6455078125 0.09814453125 0.029296875 0.0458984375
4 0.61181640625 0.087890625 0.0341796875 0.048828125
4 0.59716796875 0.07373046875 0.0322265625 0.0419921875
4 0.57958984375 0.0673828125 0.0341796875 0.04296875
4 0.5634765625 0.06103515625 0.03515625 0.0458984375
4 0.54931640625 0.0537109375 0.0341796875 0.046875
4 0.4873046875 0.12109375 0.03125 0.04296875
4 0.46435546875 0.111328125 0.0283203125 0.0390625
4 0.23193359375 0.052734375 0.0283203125 0.044921875
4 0.44775390625 0.1064453125 0.0283203125 0.041015625
4 0.2197265625 0.04345703125 0.033203125 0.0439453125
4 0.205078125 0.0380859375 0.03515625 0.046875
4 0.19384765625 0.03173828125 0.0302734375 0.0419921875
4 0.1796875 0.0244140625 0.02734375 0.046875
4 0.1640625 0.01123046875 0.03125 0.0205078125
4 0.20947265625 0.00439453125 0.0166015625 0.0068359375
4 0.22412109375 0.0078125 0.0244140625 0.013671875
4 0.25732421875 0.0166015625 0.0361328125 0.03125
4 0.2724609375 0.01806640625 0.029296875 0.0341796875
4 0.2861328125 0.021484375 0.03125 0.041015625
4 0.30078125 0.02783203125 0.03515625 0.0498046875
4 0.31494140625 0.033203125 0.0361328125 0.048828125
4 0.3271484375 0.04345703125 0.03125 0.0439453125
4 0.34375 0.0517578125 0.03125 0.04296875
4 0.353515625 0.0615234375 0.02734375 0.03515625
4 0.36572265625 0.06640625 0.0302734375 0.037109375
4 0.37841796875 0.07177734375 0.0263671875 0.0361328125
4 0.3916015625 0.0771484375 0.033203125 0.044921875
4 0.40185546875 0.083984375 0.0302734375 0.03515625
4 0.4150390625 0.0908203125 0.02734375 0.03515625
4 0.42578125 0.09619140625 0.025390625 0.0341796875
4 0.4375 0.10009765625 0.033203125 0.0419921875
4 0.97802734375 0.2392578125 0.0263671875 0.04296875
4 0.98779296875 0.38134765625 0.0224609375 0.0380859375
4 0.9736328125 0.37646484375 0.02734375 0.0380859375
4 0.9453125 0.36962890625 0.025390625 0.0361328125
4 0.9296875 0.365234375 0.021484375 0.03515625
4 0.90283203125 0.35693359375 0.0205078125 0.0341796875
5 0.9443359375 0.34375 0.111328125 0.115234375
4 0.87646484375 0.42919921875 0.0205078125 0.0322265625
4 0.89013671875 0.43212890625 0.0244140625 0.0380859375
4 0.90625 0.4365234375 0.029296875 0.037109375
4 0.935546875 0.44580078125 0.0234375 0.0302734375
4 0.95166015625 0.4482421875 0.0263671875 0.037109375
4 0.96533203125 0.453125 0.0263671875 0.03515625
4 0.97900390625 0.45703125 0.0224609375 0.033203125
4 0.99560546875 0.4677734375 0.0087890625 0.01953125
4 0.9951171875 0.5009765625 0.009765625 0.029296875
4 0.99560546875 0.3857421875 0.0087890625 0.03125
4 0.96923828125 0.49658203125 0.0244140625 0.0361328125
5 0.95751953125 0.212890625 0.0849609375 0.109375
4 0.91552734375 0.31201171875 0.0283203125 0.0439453125
4 0.931640625 0.31640625 0.025390625 0.041015625
4 0.9482421875 0.32177734375 0.03125 0.0439453125
4 0.96533203125 0.3271484375 0.0283203125 0.041015625
4 0.9921875 0.33740234375 0.015625 0.0380859375
4 0.9833984375 0.50048828125 0.015625 0.0322265625
4 0.953125 0.49267578125 0.025390625 0.0361328125
4 0.93798828125 0.48828125 0.0263671875 0.037109375
4 0.8818359375 0.4697265625 0.017578125 0.029296875
4 0.8681640625 0.46826171875 0.0234375 0.0361328125
5 0.92626953125 0.46923828125 0.1474609375 0.1162109375
