4 0.31787109375 0.00830078125 0.0205078125 0.0146484375
4 0.341796875 0.01123046875 0.02734375 0.0205078125
4 0.36328125 0.0068359375 0.017578125 0.01171875
4 0.37841796875 0.013671875 0.0205078125 0.025390625
4 0.3955078125 0.02001953125 0.03125 0.0380859375
4 0.005859375 0.0791015625 0.009765625 0.021484375
4 0.005859375 0.06103515625 0.009765625 0.0185546875
4 0.00537109375 0.04931640625 0.0087890625 0.0185546875
4 0.00732421875 0.03466796875 0.0126953125 0.0205078125
4 0.00830078125 0.0185546875 0.0146484375 0.017578125
4 0.009765625 0.01025390625 0.017578125 0.0185546875
4 0.0751953125 0.8662109375 0.056640625 0.060546875
4 0.0244140625 0.7900390625 0.046875 0.068359375
