2 0.18359375 0.27783203125 0.041015625 0.0361328125
2 0.46142578125 0.2529296875 0.0439453125 0.037109375
2 0.4365234375 0.28125 0.046875 0.03515625
2 0.40966796875 0.25244140625 0.0439453125 0.0380859375
2 0.38525390625 0.2802734375 0.0419921875 0.037109375
2 0.36181640625 0.251953125 0.0419921875 0.0390625
2 0.3349609375 0.27880859375 0.04296875 0.0380859375
2 0.31103515625 0.251953125 0.0439453125 0.03515625
2 0.2841796875 0.2783203125 0.041015625 0.037109375
2 0.25927734375 0.25 0.0439453125 0.03515625
2 0.23486328125 0.27783203125 0.0419921875 0.0361328125
2 0.208984375 0.25048828125 0.04296875 0.0361328125
2 0.15869140625 0.24951171875 0.0419921875 0.0361328125
2 0.134765625 0.27734375 0.041015625 0.03515625
2 0.10791015625 0.2490234375 0.0419921875 0.0390625
2 0.08447265625 0.27734375 0.0400390625 0.03515625
2 0.03466796875 0.27587890625 0.0458984375 0.0400390625
2 0.0576171875 0.24853515625 0.041015625 0.0361328125
2 0.03125 0.142578125 0.041015625 0.037109375
2 0.05615234375 0.11474609375 0.0439453125 0.0361328125
2 0.0810546875 0.1435546875 0.041015625 0.037109375
2 0.1064453125 0.11572265625 0.04296875 0.0361328125
2 0.13134765625 0.14453125 0.0439453125 0.037109375
2 0.15673828125 0.11669921875 0.0439453125 0.0380859375
2 0.4853515625 0.28076171875 0.044921875 0.0400390625
2 0.5107421875 0.25390625 0.044921875 0.03515625
2 0.537109375 0.283203125 0.04296875 0.03515625
2 0.56103515625 0.25341796875 0.0439453125 0.0361328125
2 0.99658203125 0.259765625 0.0068359375 0.03515625
2 0.984375 0.2880859375 0.03125 0.033203125
2 0.9638671875 0.26025390625 0.041015625 0.0361328125
2 0.939453125 0.28857421875 0.044921875 0.0400390625
2 0.9140625 0.25927734375 0.04296875 0.0361328125
2 0.88916015625 0.28662109375 0.0458984375 0.0341796875
2 0.86279296875 0.25830078125 0.0419921875 0.0361328125
2 0.837890625 0.2861328125 0.044921875 0.03515625
2 0.81396484375 0.2587890625 0.0419921875 0.03515625
2 0.7900390625 0.28662109375 0.046875 0.0400390625
2 0.7646484375 0.25830078125 0.044921875 0.0400390625
2 0.73876953125 0.28662109375 0.0439453125 0.0361328125
2 0.712890625 0.2568359375 0.044921875 0.037109375
2 0.6884765625 0.2861328125 0.04296875 0.037109375
2 0.66259765625 0.25634765625 0.0458984375 0.0380859375
2 0.63720703125 0.28271484375 0.0439453125 0.0361328125
2 0.61181640625 0.255859375 0.0419921875 0.037109375
2 0.58837890625 0.2841796875 0.0458984375 0.037109375
2 0.1806640625 0.14501953125 0.04296875 0.0380859375
2 0.20654296875 0.1171875 0.0419921875 0.03515625
2 0.232421875 0.1455078125 0.04296875 0.037109375
2 0.91015625 0.12646484375 0.04296875 0.0361328125
2 0.962890625 0.126953125 0.0390625 0.03515625
2 0.98291015625 0.1552734375 0.0341796875 0.037109375
2 0.99560546875 0.126953125 0.0087890625 0.03515625
2 0.998046875 0.0283203125 0.00390625 0.03515625
2 0.9853515625 0.009765625 0.029296875 0.017578125
2 0.96630859375 0.02783203125 0.0439453125 0.0361328125
2 0.94140625 0.009765625 0.041015625 0.017578125
2 0.9365234375 0.154296875 0.041015625 0.03515625
2 0.8876953125 0.154296875 0.041015625 0.03515625
2 0.25830078125 0.1181640625 0.0419921875 0.037109375
2 0.861328125 0.1259765625 0.04296875 0.03515625
2 0.28369140625 0.1455078125 0.0419921875 0.037109375
2 0.3076171875 0.1201171875 0.04296875 0.037109375
2 0.33203125 0.146484375 0.04296875 0.03515625
2 0.359375 0.1201171875 0.04296875 0.037109375
2 0.3818359375 0.1474609375 0.041015625 0.037109375
2 0.408203125 0.11962890625 0.04296875 0.0380859375
2 0.43310546875 0.1484375 0.0458984375 0.0390625
2 0.458984375 0.12060546875 0.041015625 0.0380859375
2 0.48388671875 0.14892578125 0.0419921875 0.0341796875
2 0.50927734375 0.12158203125 0.0419921875 0.0380859375
2 0.53564453125 0.1494140625 0.0419921875 0.037109375
2 0.560546875 0.123046875 0.04296875 0.0390625
2 0.58447265625 0.14990234375 0.0400390625 0.0341796875
2 0.61083984375 0.12353515625 0.0419921875 0.0341796875
2 0.63427734375 0.150390625 0.0419921875 0.037109375
2 0.66015625 0.12353515625 0.04296875 0.0400390625
2 0.6845703125 0.15185546875 0.041015625 0.0380859375
2 0.71044921875 0.12451171875 0.0419921875 0.0361328125
2 0.73583984375 0.15087890625 0.0419921875 0.0380859375
2 0.7607421875 0.1259765625 0.04296875 0.037109375
2 0.7861328125 0.15380859375 0.04296875 0.0361328125
2 0.81103515625 0.12548828125 0.0400390625 0.0361328125
2 0.83642578125 0.1533203125 0.0419921875 0.037109375
2 0.89111328125 0.00927734375 0.0400390625 0.0166015625
2 0.4033203125 0.765625 0.048828125 0.072265625
2 0.765625 0.72314453125 0.048828125 0.0751953125
2 0.7919921875 0.77001953125 0.052734375 0.0751953125
2 0.82421875 0.724609375 0.05078125 0.076171875
2 0.93603515625 0.724609375 0.0478515625 0.07421875
2 0.94189453125 0.42041015625 0.0419921875 0.0380859375
2 0.96533203125 0.39453125 0.0439453125 0.03515625
2 0.986328125 0.42041015625 0.02734375 0.0341796875
2 0.5712890625 0.7705078125 0.046875 0.068359375
2 0.37744140625 0.72021484375 0.0478515625 0.0771484375
2 0.34814453125 0.7646484375 0.0478515625 0.07421875
2 0.99560546875 0.9306640625 0.0087890625 0.056640625
2 0.95556640625 0.93017578125 0.0478515625 0.0595703125
2 0.92919921875 0.96142578125 0.0458984375 0.0576171875
2 0.8427734375 0.927734375 0.046875 0.060546875
2 0.78564453125 0.92724609375 0.0478515625 0.0556640625
2 0.75537109375 0.958984375 0.0478515625 0.0546875
2 0.69775390625 0.95849609375 0.0478515625 0.0576171875
2 0.67138671875 0.92578125 0.0478515625 0.05859375
2 0.44384765625 0.921875 0.0458984375 0.060546875
2 0.18798828125 0.94970703125 0.0458984375 0.0556640625
2 0.10400390625 0.91845703125 0.0458984375 0.0576171875
2 0.12353515625 0.76171875 0.0498046875 0.07421875
2 0.095703125 0.71337890625 0.046875 0.0732421875
2 0.91748046875 0.025390625 0.0439453125 0.037109375
2 0.86669921875 0.02783203125 0.0419921875 0.0361328125
2 0.841796875 0.009765625 0.0390625 0.017578125
2 0.81640625 0.0263671875 0.04296875 0.037109375
2 0.79150390625 0.0087890625 0.0400390625 0.015625
2 0.7685546875 0.02587890625 0.04296875 0.0380859375
2 0.74072265625 0.0087890625 0.0419921875 0.015625
2 0.7158203125 0.02392578125 0.04296875 0.0361328125
2 0.6904296875 0.00830078125 0.041015625 0.0146484375
2 0.6650390625 0.02392578125 0.04296875 0.0361328125
2 0.64111328125 0.0078125 0.0419921875 0.013671875
2 0.6142578125 0.0234375 0.044921875 0.03515625
2 0.5908203125 0.0078125 0.041015625 0.013671875
2 0.56689453125 0.02392578125 0.0458984375 0.0400390625
2 0.5400390625 0.0078125 0.04296875 0.013671875
2 0.51416015625 0.0244140625 0.0439453125 0.037109375
2 0.48876953125 0.00830078125 0.0419921875 0.0146484375
