2 0.9951171875 0.74853515625 0.009765625 0.0615234375
2 0.9794921875 0.7822265625 0.041015625 0.05859375
2 0.28955078125 0.8779296875 0.2705078125 0.244140625
2 0.07861328125 0.87841796875 0.1552734375 0.2431640625
2 0.01318359375 0.69482421875 0.0244140625 0.2939453125
2 0.95263671875 0.74755859375 0.0517578125 0.0634765625
2 0.9208984375 0.78271484375 0.052734375 0.0615234375
2 0.8896484375 0.74609375 0.05078125 0.0625
2 0.8583984375 0.78125 0.05078125 0.0625
2 0.828125 0.74609375 0.048828125 0.064453125
2 0.79541015625 0.779296875 0.0498046875 0.064453125
2 0.94580078125 0.92529296875 0.1005859375 0.1064453125
2 0.84423828125 0.92138671875 0.0947265625 0.1064453125
2 0.56640625 0.83349609375 0.11328125 0.1162109375
