2 0.078125 0.02783203125 0.064453125 0.0537109375
2 0.875 0.03466796875 0.0703125 0.0673828125
2 0.80224609375 0.03173828125 0.0673828125 0.0615234375
2 0.7294921875 0.03173828125 0.064453125 0.0615234375
2 0.658203125 0.0322265625 0.064453125 0.0625
2 0.58642578125 0.03271484375 0.0673828125 0.0634765625
2 0.5126953125 0.02978515625 0.06640625 0.0576171875
2 0.44091796875 0.03271484375 0.0654296875 0.0634765625
2 0.3681640625 0.02880859375 0.068359375 0.0556640625
2 0.2958984375 0.03076171875 0.064453125 0.0595703125
2 0.22412109375 0.03125 0.0634765625 0.060546875
2 0.15185546875 0.02978515625 0.0654296875 0.0576171875
2 0.9453125 0.03271484375 0.0703125 0.0634765625
2 0.974609375 0.06787109375 0.05078125 0.0634765625
2 0.91015625 0.06591796875 0.064453125 0.0595703125
2 0.837890625 0.06640625 0.06640625 0.06640625
2 0.9462890625 0.20556640625 0.064453125 0.0693359375
2 0.83740234375 0.24951171875 0.0634765625 0.0576171875
2 0.6923828125 0.2529296875 0.06640625 0.068359375
2 0.43701171875 0.20654296875 0.0673828125 0.0712890625
2 0.2939453125 0.20751953125 0.06640625 0.0712890625
2 0.224609375 0.20361328125 0.06640625 0.0673828125
2 0.11328125 0.24462890625 0.0703125 0.0673828125
2 0.00244140625 0.060546875 0.0029296875 0.0703125
2 0.04150390625 0.06103515625 0.0654296875 0.0654296875
2 0.1162109375 0.06298828125 0.06640625 0.0693359375
2 0.18408203125 0.06298828125 0.0673828125 0.0712890625
2 0.259765625 0.0615234375 0.064453125 0.068359375
2 0.3310546875 0.06298828125 0.064453125 0.0673828125
2 0.40380859375 0.06201171875 0.0634765625 0.0673828125
2 0.47705078125 0.0634765625 0.0615234375 0.06640625
2 0.548828125 0.0625 0.0625 0.0703125
2 0.62109375 0.0654296875 0.064453125 0.068359375
2 0.69384765625 0.06689453125 0.0654296875 0.0673828125
2 0.76513671875 0.0673828125 0.0654296875 0.060546875
2 0.9892578125 0.57666015625 0.021484375 0.0654296875
2 0.39599609375 0.61376953125 0.0654296875 0.0634765625
2 0.322265625 0.615234375 0.064453125 0.064453125
2 0.251953125 0.61279296875 0.060546875 0.0634765625
2 0.1796875 0.61376953125 0.0625 0.0654296875
2 0.21533203125 0.57080078125 0.0654296875 0.0693359375
2 0.0751953125 0.4287109375 0.06640625 0.064453125
2 0.10986328125 0.38720703125 0.0654296875 0.0673828125
2 0.291015625 0.43115234375 0.06640625 0.0615234375
2 0.50732421875 0.43115234375 0.0654296875 0.0654296875
2 0.68896484375 0.3916015625 0.0693359375 0.068359375
2 0.75927734375 0.39404296875 0.0673828125 0.0615234375
2 0.83203125 0.392578125 0.06640625 0.0625
2 0.9912109375 0.43310546875 0.017578125 0.0595703125
2 0.72021484375 0.57763671875 0.0654296875 0.0634765625
2 0.98681640625 0.93115234375 0.0263671875 0.0771484375
2 0.93896484375 0.92919921875 0.0517578125 0.0771484375
2 0.87939453125 0.93017578125 0.0498046875 0.0791015625
2 0.759765625 0.9296875 0.0546875 0.07421875
2 0.69921875 0.9296875 0.0546875 0.080078125
2 0.63818359375 0.9287109375 0.0537109375 0.078125
2 0.52001953125 0.927734375 0.0498046875 0.078125
2 0.458984375 0.927734375 0.0546875 0.080078125
2 0.39794921875 0.9267578125 0.0537109375 0.080078125
2 0.3369140625 0.9267578125 0.052734375 0.076171875
2 0.2763671875 0.92724609375 0.056640625 0.0791015625
2 0.21728515625 0.92578125 0.0556640625 0.078125
2 0.15673828125 0.92578125 0.0537109375 0.07421875
2 0.1923828125 0.7724609375 0.068359375 0.064453125
2 0.26904296875 0.77294921875 0.0693359375 0.0654296875
2 0.42333984375 0.7724609375 0.0673828125 0.0625
2 0.4990234375 0.77392578125 0.068359375 0.0634765625
2 0.65234375 0.77587890625 0.0703125 0.0634765625
2 0.8818359375 0.775390625 0.068359375 0.0625
