2 0.6552734375 0.95166015625 0.158203125 0.0966796875
2 0.7021484375 0.6298828125 0.158203125 0.1640625
2 0.865234375 0.63623046875 0.15234375 0.1591796875
2 0.97607421875 0.63720703125 0.0478515625 0.1591796875
2 0.490234375 0.94873046875 0.158203125 0.1025390625
2 0.81640625 0.95458984375 0.162109375 0.0908203125
2 0.94970703125 0.9560546875 0.1005859375 0.087890625
2 0.849609375 0.1796875 0.044921875 0.044921875
2 0.93017578125 0.171875 0.0419921875 0.03515625
2 0.9794921875 0.1728515625 0.025390625 0.048828125
2 0.53955078125 0.6279296875 0.1572265625 0.1640625
