2 0.06884765625 0.63623046875 0.1357421875 0.1591796875
2 0.22216796875 0.63720703125 0.1494140625 0.1591796875
2 0.388671875 0.642578125 0.16015625 0.158203125
2 0.55126953125 0.646484375 0.1552734375 0.16015625
2 0.71484375 0.65087890625 0.154296875 0.1591796875
2 0.046875 0.95556640625 0.091796875 0.0888671875
2 0.17236328125 0.9560546875 0.1552734375 0.087890625
2 0.34033203125 0.9580078125 0.1591796875 0.083984375
2 0.49755859375 0.96044921875 0.1552734375 0.0791015625
2 0.662109375 0.962890625 0.158203125 0.07421875
2 0.8466796875 0.1982421875 0.046875 0.08203125
2 0.62353515625 0.21240234375 0.1279296875 0.1220703125
2 0.75 0.21875 0.115234375 0.123046875
2 0.49658203125 0.1962890625 0.1259765625 0.095703125
2 0.376953125 0.19482421875 0.08203125 0.0927734375
2 0.044921875 0.1796875 0.044921875 0.044921875
2 0.12548828125 0.171875 0.0419921875 0.03515625
2 0.1748046875 0.1728515625 0.025390625 0.048828125
2 0.22119140625 0.16650390625 0.0361328125 0.0361328125
2 0.2939453125 0.1708984375 0.080078125 0.048828125
