0 0.55078125 0.53125 0.015625 0.0234375
0 0.5517578125 0.5908203125 0.01171875 0.021484375
0 0.53515625 0.6259765625 0.01171875 0.021484375
0 0.53515625 0.7041015625 0.013671875 0.025390625
0 0.60693359375 0.9736328125 0.0126953125 0.017578125
0 0.61083984375 0.80859375 0.0126953125 0.01953125
0 0.55712890625 0.8037109375 0.0146484375 0.025390625
0 0.54296875 0.8447265625 0.01171875 0.021484375
0 0.59619140625 0.8369140625 0.0126953125 0.01953125
0 0.599609375 0.8818359375 0.01171875 0.021484375
0 0.61669921875 0.8759765625 0.0107421875 0.017578125
0 0.6044921875 0.93359375 0.013671875 0.0234375
1 0.544921875 0.92431640625 0.015625 0.0263671875
0 0.5888671875 0.6953125 0.009765625 0.021484375
0 0.59228515625 0.80126953125 0.0146484375 0.0263671875
0 0.59130859375 0.75830078125 0.0107421875 0.0185546875
0 0.6044921875 0.72802734375 0.009765625 0.0146484375
0 0.58984375 0.72900390625 0.01171875 0.0185546875
0 0.5869140625 0.62646484375 0.01171875 0.0244140625
0 0.6025390625 0.6474609375 0.01171875 0.021484375
0 0.5888671875 0.66162109375 0.01171875 0.0166015625
0 0.5947265625 0.3857421875 0.009765625 0.01953125
0 0.6103515625 0.37890625 0.01171875 0.01953125
0 0.5947265625 0.4208984375 0.009765625 0.021484375
0 0.61083984375 0.41015625 0.0107421875 0.01953125
0 0.60791015625 0.43994140625 0.0107421875 0.0166015625
0 0.59375 0.455078125 0.01171875 0.01953125
0 0.6083984375 0.46533203125 0.009765625 0.0185546875
0 0.59228515625 0.482421875 0.0107421875 0.017578125
0 0.60693359375 0.50146484375 0.0107421875 0.0205078125
0 0.591796875 0.515625 0.01171875 0.01953125
0 0.6044921875 0.54052734375 0.009765625 0.0166015625
1 0.5888671875 0.55126953125 0.009765625 0.0224609375
0 0.587890625 0.58984375 0.0078125 0.01953125
0 0.6025390625 0.59130859375 0.009765625 0.0185546875
