0 0.0517578125 0.67724609375 0.041015625 0.0361328125
0 0.16796875 0.7509765625 0.037109375 0.033203125
0 0.1533203125 0.7333984375 0.03125 0.03125
0 0.142578125 0.71435546875 0.03515625 0.0322265625
0 0.111328125 0.7373046875 0.029296875 0.029296875
0 0.09619140625 0.724609375 0.0322265625 0.029296875
0 0.078125 0.7109375 0.037109375 0.03515625
0 0.11083984375 0.68408203125 0.0361328125 0.0361328125
0 0.09912109375 0.66552734375 0.0380859375 0.0361328125
0 0.06298828125 0.693359375 0.0361328125 0.03515625
0 0.1845703125 0.61083984375 0.041015625 0.0361328125
0 0.16796875 0.59765625 0.0390625 0.033203125
0 0.14208984375 0.56103515625 0.0322265625 0.0283203125
0 0.154296875 0.57763671875 0.03515625 0.0322265625
0 0.0654296875 0.634765625 0.029296875 0.029296875
0 0.03662109375 0.66064453125 0.0341796875 0.0400390625
0 0.0234375 0.64501953125 0.033203125 0.0361328125
0 0.05224609375 0.62060546875 0.0341796875 0.0322265625
0 0.04296875 0.59912109375 0.03515625 0.0322265625
0 0.0146484375 0.625 0.02734375 0.03125
0 0.18408203125 0.7646484375 0.0341796875 0.033203125
0 0.24072265625 0.67529296875 0.0361328125 0.0361328125
0 0.2578125 0.69140625 0.041015625 0.03515625
0 0.322265625 0.77783203125 0.046875 0.0400390625
0 0.3134765625 0.75830078125 0.0390625 0.0400390625
0 0.28369140625 0.72314453125 0.0380859375 0.0439453125
0 0.14794921875 0.79443359375 0.0419921875 0.0380859375
0 0.13525390625 0.77783203125 0.0400390625 0.0341796875
0 0.0986328125 0.93115234375 0.041015625 0.0400390625
0 0.025390625 0.98876953125 0.03125 0.0224609375
0 0.07861328125 0.873046875 0.0361328125 0.03515625
0 0.06494140625 0.853515625 0.0361328125 0.03125
0 0.05419921875 0.833984375 0.0361328125 0.033203125
0 0.02734375 0.8037109375 0.0390625 0.037109375
0 0.0166015625 0.7841796875 0.03125 0.033203125
0 0.0087890625 0.765625 0.015625 0.0234375
0 0.0068359375 0.60986328125 0.01171875 0.0205078125
0 0.02880859375 0.583984375 0.0419921875 0.037109375
0 0.0126953125 0.5654296875 0.0234375 0.0234375
0 0.021484375 0.32861328125 0.03125 0.0302734375
0 0.00830078125 0.54541015625 0.0146484375 0.0263671875
0 0.12890625 0.54345703125 0.02734375 0.0263671875
0 0.1103515625 0.52978515625 0.033203125 0.0341796875
0 0.1005859375 0.51171875 0.0390625 0.03515625
0 0.08642578125 0.49267578125 0.0341796875 0.0341796875
0 0.0732421875 0.47509765625 0.037109375 0.0341796875
0 0.0615234375 0.45849609375 0.033203125 0.0341796875
0 0.04443359375 0.4453125 0.0322265625 0.029296875
0 0.03271484375 0.42626953125 0.0302734375 0.0341796875
0 0.0166015625 0.41162109375 0.03125 0.0341796875
0 0.01025390625 0.39208984375 0.0185546875 0.0283203125
