0 0.373046875 0.99072265625 0.033203125 0.0185546875
0 0.39306640625 0.98095703125 0.0322265625 0.0205078125
0 0.31689453125 0.990234375 0.0380859375 0.01953125
0 0.33447265625 0.97802734375 0.0322265625 0.0224609375
0 0.35595703125 0.96728515625 0.0283203125 0.0244140625
0 0.37353515625 0.9521484375 0.0400390625 0.0234375
0 0.38916015625 0.93212890625 0.0380859375 0.0263671875
0 0.50146484375 0.93115234375 0.0283203125 0.0400390625
0 0.4697265625 0.8955078125 0.03515625 0.037109375
0 0.4384765625 0.87158203125 0.037109375 0.0322265625
0 0.3623046875 0.853515625 0.017578125 0.03515625
0 0.36083984375 0.63330078125 0.0205078125 0.0361328125
0 0.56396484375 0.5380859375 0.0361328125 0.01953125
0 0.56005859375 0.49560546875 0.0361328125 0.0185546875
