2 0.40576171875 0.146484375 0.3310546875 0.291015625
2 0.40380859375 0.7890625 0.3291015625 0.197265625
2 0.83251953125 0.2001953125 0.3349609375 0.3984375
2 0.96875 0.39697265625 0.0625 0.4423828125
2 0.82470703125 0.6435546875 0.3369140625 0.376953125
2 0.8349609375 0.91552734375 0.330078125 0.1689453125
2 0.39501953125 0.447265625 0.3486328125 0.337890625
2 0.1728515625 0.60107421875 0.34375 0.3564453125
2 0.08935546875 0.26806640625 0.1767578125 0.3388671875
2 0.083984375 0.05126953125 0.166015625 0.1005859375
