2 0.01953125 0.04345703125 0.037109375 0.0849609375
14 0.533203125 0.76318359375 0.046875 0.0166015625
14 0.09130859375 0.77392578125 0.0654296875 0.0498046875
14 0.43994140625 0.65234375 0.0439453125 0.021484375
14 0.43896484375 0.7177734375 0.0458984375 0.01953125
14 0.4384765625 0.73095703125 0.046875 0.0185546875
14 0.533203125 0.74951171875 0.048828125 0.0185546875
2 0.07568359375 0.48779296875 0.1181640625 0.1123046875
2 0.77685546875 0.92919921875 0.0419921875 0.0576171875
2 0.826171875 0.92919921875 0.041015625 0.0595703125
2 0.87744140625 0.93017578125 0.0439453125 0.0576171875
2 0.927734375 0.93115234375 0.04296875 0.0595703125
2 0.97705078125 0.93359375 0.0400390625 0.060546875
2 0.70361328125 0.892578125 0.0419921875 0.05859375
2 0.7275390625 0.927734375 0.041015625 0.056640625
2 0.75390625 0.89306640625 0.04296875 0.0595703125
2 0.93359375 0.75927734375 0.04296875 0.0595703125
2 0.8828125 0.75830078125 0.04296875 0.0595703125
2 0.83349609375 0.75732421875 0.0439453125 0.0615234375
2 0.7841796875 0.7548828125 0.041015625 0.05859375
2 0.8037109375 0.89599609375 0.041015625 0.0595703125
2 0.990234375 0.8984375 0.01953125 0.056640625
2 0.9521484375 0.8974609375 0.04296875 0.05859375
2 0.90380859375 0.8984375 0.0419921875 0.05859375
2 0.853515625 0.8974609375 0.04296875 0.060546875
2 0.9794921875 0.76025390625 0.041015625 0.0576171875
2 0.91748046875 0.5537109375 0.0419921875 0.060546875
2 0.80908203125 0.7236328125 0.0419921875 0.060546875
2 0.9580078125 0.72509765625 0.04296875 0.0634765625
2 0.9921875 0.7265625 0.015625 0.060546875
