2 0.8828125 0.02783203125 0.064453125 0.0537109375
2 0.99853515625 0.0283203125 0.0029296875 0.0546875
2 0.95654296875 0.02978515625 0.0654296875 0.0576171875
2 0.6669921875 0.02783203125 0.06640625 0.0537109375
2 0.59619140625 0.0283203125 0.0654296875 0.0546875
2 0.998046875 0.2001953125 0.00390625 0.060546875
2 0.91796875 0.24462890625 0.0703125 0.0673828125
2 0.73779296875 0.2021484375 0.0673828125 0.06640625
2 0.66552734375 0.2021484375 0.0654296875 0.06640625
2 0.6318359375 0.06103515625 0.064453125 0.0712890625
2 0.7041015625 0.064453125 0.064453125 0.064453125
2 0.77587890625 0.060546875 0.0654296875 0.0703125
2 0.84619140625 0.06103515625 0.0654296875 0.0654296875
2 0.9208984375 0.06298828125 0.06640625 0.0693359375
2 0.9775390625 0.0615234375 0.044921875 0.068359375
2 0.5576171875 0.05712890625 0.068359375 0.0693359375
2 0.9765625 0.61376953125 0.046875 0.0654296875
2 0.99365234375 0.5712890625 0.0126953125 0.068359375
2 0.76708984375 0.61328125 0.0673828125 0.068359375
2 0.69482421875 0.61181640625 0.0634765625 0.0654296875
2 0.62109375 0.6123046875 0.064453125 0.06640625
2 0.65869140625 0.56982421875 0.0693359375 0.0673828125
2 0.5146484375 0.56982421875 0.06640625 0.0654296875
2 0.51806640625 0.42529296875 0.0634765625 0.0673828125
2 0.55322265625 0.38427734375 0.0615234375 0.0654296875
2 0.6962890625 0.38623046875 0.064453125 0.0634765625
2 0.7685546875 0.38623046875 0.064453125 0.0615234375
2 0.8798828125 0.4287109375 0.06640625 0.064453125
2 0.91455078125 0.38720703125 0.0654296875 0.0673828125
2 0.9970703125 0.923828125 0.005859375 0.07421875
2 0.96142578125 0.92578125 0.0537109375 0.07421875
2 0.9814453125 0.771484375 0.037109375 0.0625
