2 0.072265625 0.15380859375 0.142578125 0.2255859375
2 0.0888671875 0.03466796875 0.150390625 0.0673828125
2 0.3759765625 0.13623046875 0.240234375 0.2548828125
2 0.28076171875 0.34033203125 0.1669921875 0.1630859375
2 0.92724609375 0.25146484375 0.1103515625 0.1259765625
2 0.7587890625 0.33837890625 0.234375 0.2294921875
2 0.6748046875 0.4072265625 0.08984375 0.083984375
2 0.62744140625 0.4521484375 0.0517578125 0.044921875
2 0.560546875 0.466796875 0.146484375 0.138671875
2 0.44482421875 0.46826171875 0.1650390625 0.1455078125
2 0.2001953125 0.56689453125 0.134765625 0.1474609375
2 0.17333984375 0.64501953125 0.0712890625 0.0712890625
2 0.14697265625 0.611328125 0.0634765625 0.07421875
2 0.13720703125 0.54638671875 0.0888671875 0.0830078125
2 0.29736328125 0.47998046875 0.1884765625 0.1923828125
2 0.1279296875 0.44677734375 0.1796875 0.1611328125
