0 0.71337890625 0.2802734375 0.0341796875 0.037109375
0 0.82080078125 0.24755859375 0.0341796875 0.0380859375
0 0.7744140625 0.2060546875 0.0390625 0.04296875
0 0.72314453125 0.16650390625 0.0361328125 0.0380859375
1 0.25732421875 0.02490234375 0.0341796875 0.0478515625
1 0.19287109375 0.03955078125 0.0439453125 0.0771484375
1 0.16650390625 0.0576171875 0.0458984375 0.11328125
1 0.1103515625 0.04833984375 0.044921875 0.0947265625
1 0.23583984375 0.39892578125 0.0654296875 0.1025390625
1 0.5908203125 0.501953125 0.09375 0.138671875
1 0.29541015625 0.337890625 0.0634765625 0.146484375
1 0.3564453125 0.3134765625 0.05859375 0.146484375
1 0.37744140625 0.25634765625 0.0400390625 0.1435546875
1 0.40869140625 0.2509765625 0.0380859375 0.150390625
1 0.44091796875 0.24169921875 0.0380859375 0.1533203125
1 0.3486328125 0.00390625 0.029296875 0.005859375
1 0.29150390625 0.02880859375 0.0322265625 0.0556640625
0 0.62158203125 0.5615234375 0.0478515625 0.05078125
0 0.6376953125 0.5771484375 0.037109375 0.0390625
0 0.7490234375 0.4853515625 0.033203125 0.03515625
1 0.669921875 0.0224609375 0.0859375 0.04296875
1 0.6357421875 0.03564453125 0.1171875 0.0693359375
0 0.75 0.6865234375 0.037109375 0.041015625
0 0.71728515625 0.6484375 0.0341796875 0.037109375
0 0.736328125 0.66748046875 0.037109375 0.0380859375
0 0.755859375 0.63916015625 0.046875 0.0458984375
0 0.8642578125 0.2861328125 0.02734375 0.03515625
0 0.76416015625 0.49853515625 0.0400390625 0.0419921875
0 0.9423828125 0.52880859375 0.041015625 0.0439453125
0 0.9267578125 0.51416015625 0.0390625 0.0400390625
0 0.90625 0.50244140625 0.03515625 0.0380859375
0 0.9560546875 0.4794921875 0.046875 0.044921875
0 0.921875 0.4560546875 0.0390625 0.0390625
0 0.90625 0.43798828125 0.04296875 0.0458984375
0 0.8427734375 0.4375 0.037109375 0.037109375
0 0.826171875 0.42578125 0.0390625 0.041015625
0 0.86865234375 0.41015625 0.0380859375 0.037109375
0 0.984375 0.400390625 0.03125 0.044921875
0 0.9501953125 0.361328125 0.025390625 0.0390625
0 0.921875 0.33984375 0.02734375 0.041015625
0 0.88427734375 0.34912109375 0.0400390625 0.0302734375
0 0.8935546875 0.3115234375 0.0390625 0.046875
0 0.958984375 0.546875 0.044921875 0.046875
0 0.78125 0.51171875 0.04296875 0.04296875
0 0.685546875 0.615234375 0.04296875 0.041015625
0 0.7978515625 0.5244140625 0.04296875 0.044921875
0 0.6669921875 0.603515625 0.037109375 0.041015625
0 0.716796875 0.51220703125 0.03515625 0.0341796875
0 0.73583984375 0.52880859375 0.0361328125 0.0380859375
0 0.7685546875 0.55908203125 0.0390625 0.0361328125
0 0.75341796875 0.54296875 0.0400390625 0.041015625
0 0.7861328125 0.572265625 0.037109375 0.0390625
0 0.80078125 0.58935546875 0.041015625 0.0439453125
0 0.82177734375 0.599609375 0.0341796875 0.037109375
0 0.78955078125 0.7041015625 0.0419921875 0.0390625
1 0.8212890625 0.720703125 0.041015625 0.046875
0 0.83984375 0.61572265625 0.0390625 0.0419921875
0 0.8876953125 0.66064453125 0.0390625 0.0439453125
0 0.91845703125 0.62841796875 0.0419921875 0.0419921875
0 0.8984375 0.61328125 0.04296875 0.041015625
0 0.88330078125 0.59716796875 0.0400390625 0.0380859375
0 0.84814453125 0.568359375 0.0439453125 0.04296875
0 0.81494140625 0.54296875 0.0419921875 0.0390625
