1 0.837890625 0.283203125 0.099609375 0.0703125
1 0.8779296875 0.451171875 0.158203125 0.09765625
0 0.46533203125 0.34814453125 0.0380859375 0.0322265625
1 0.62841796875 0.513671875 0.1220703125 0.080078125
1 0.05224609375 0.29833984375 0.0888671875 0.0361328125
0 0.54345703125 0.654296875 0.0380859375 0.046875
1 0.50634765625 0.63427734375 0.0498046875 0.0634765625
0 0.515625 0.70458984375 0.04296875 0.0537109375
0 0.462890625 0.69384765625 0.0390625 0.0537109375
1 0.53271484375 0.9892578125 0.0341796875 0.021484375
0 0.33544921875 0.60693359375 0.0361328125 0.0458984375
0 0.32666015625 0.5634765625 0.0400390625 0.05078125
0 0.23486328125 0.603515625 0.0517578125 0.037109375
0 0.24365234375 0.578125 0.0439453125 0.037109375
1 0.25244140625 0.48974609375 0.0517578125 0.0439453125
1 0.2177734375 0.6298828125 0.0546875 0.04296875
0 0.03173828125 0.19140625 0.0400390625 0.021484375
0 0.1259765625 0.16748046875 0.04296875 0.0341796875
