1 0.16162109375 0.81591796875 0.1416015625 0.0947265625
1 0.15673828125 0.77099609375 0.1357421875 0.0927734375
1 0.04345703125 0.7412109375 0.0849609375 0.0703125
1 0.2861328125 0.55712890625 0.1484375 0.1025390625
1 0.6982421875 0.47802734375 0.140625 0.1357421875
1 0.24169921875 0.65234375 0.1318359375 0.08984375
1 0.26220703125 0.6240234375 0.1455078125 0.099609375
1 0.24951171875 0.49267578125 0.1474609375 0.1005859375
1 0.18115234375 0.7451171875 0.1513671875 0.1015625
1 0.36279296875 0.4326171875 0.1123046875 0.078125
1 0.400390625 0.412109375 0.111328125 0.076171875
1 0.2744140625 0.35107421875 0.150390625 0.0908203125
1 0.396484375 0.37646484375 0.1484375 0.0927734375
1 0.2666015625 0.31494140625 0.1171875 0.0693359375
1 0.5322265625 0.33740234375 0.14453125 0.1123046875
1 0.162109375 0.4833984375 0.126953125 0.0859375
1 0.05615234375 0.66748046875 0.1103515625 0.0888671875
1 0.193359375 0.71142578125 0.1328125 0.0927734375
1 0.0615234375 0.6298828125 0.12109375 0.091796875
1 0.21923828125 0.68505859375 0.1513671875 0.1025390625
1 0.0927734375 0.611328125 0.11328125 0.078125
1 0.02197265625 0.568359375 0.0419921875 0.046875
1 0.02685546875 0.529296875 0.0517578125 0.05078125
1 0.1181640625 0.544921875 0.13671875 0.091796875
1 0.02197265625 0.48779296875 0.0419921875 0.0439453125
1 0.03173828125 0.44873046875 0.0615234375 0.0576171875
1 0.041015625 0.41357421875 0.080078125 0.0673828125
1 0.04541015625 0.373046875 0.0888671875 0.07421875
1 0.02001953125 0.2470703125 0.0380859375 0.037109375
1 0.1064453125 0.2802734375 0.1328125 0.072265625
1 0.158203125 0.26513671875 0.107421875 0.0576171875
1 0.044921875 0.22216796875 0.087890625 0.0595703125
1 0.10302734375 0.1640625 0.1416015625 0.083984375
1 0.17919921875 0.03076171875 0.1513671875 0.0595703125
0 0.86328125 0.01025390625 0.041015625 0.0185546875
0 0.6630859375 0.14501953125 0.04296875 0.0439453125
0 0.32275390625 0.94677734375 0.0478515625 0.0400390625
0 0.37109375 0.9677734375 0.044921875 0.041015625
0 0.6552734375 0.06494140625 0.04296875 0.0419921875
0 0.6435546875 0.08349609375 0.046875 0.0419921875
0 0.6318359375 0.10498046875 0.046875 0.0400390625
0 0.62060546875 0.12109375 0.0498046875 0.044921875
0 0.6123046875 0.142578125 0.046875 0.041015625
0 0.693359375 0.0888671875 0.048828125 0.04296875
0 0.669921875 0.1259765625 0.044921875 0.0390625
0 0.654296875 0.16650390625 0.044921875 0.0439453125
0 0.90869140625 0.01171875 0.0439453125 0.021484375
0 0.7841796875 0.134765625 0.04296875 0.037109375
0 0.767578125 0.15380859375 0.048828125 0.0439453125
0 0.8251953125 0.15869140625 0.044921875 0.0400390625
0 0.8115234375 0.18017578125 0.04296875 0.0361328125
0 0.798828125 0.201171875 0.04296875 0.033203125
0 0.794921875 0.2216796875 0.044921875 0.041015625
0 0.74951171875 0.19580078125 0.0439453125 0.0380859375
1 0.7861328125 0.244140625 0.05078125 0.041015625
0 0.88720703125 0.2900390625 0.0380859375 0.046875
0 0.8896484375 0.04345703125 0.037109375 0.0341796875
0 0.84814453125 0.01953125 0.0458984375 0.0390625
