4 0.142578125 0.306640625 0.283203125 0.072265625
4 0.408203125 0.267578125 0.078125 0.22265625
4 0.45849609375 0.27099609375 0.0751953125 0.2294921875
4 0.59912109375 0.3486328125 0.2626953125 0.091796875
4 0.7685546875 0.3154296875 0.068359375 0.251953125
4 0.9619140625 0.30419921875 0.076171875 0.2666015625
4 0.794921875 0.583984375 0.17578125 0.12890625
4 0.99169921875 0.671875 0.0166015625 0.060546875
5 0.181640625 0.11474609375 0.1015625 0.2275390625
5 0.5625 0.15673828125 0.0859375 0.3115234375
