1 0.0830078125 0.80126953125 0.07421875 0.0419921875
1 0.25537109375 0.94189453125 0.0634765625 0.1162109375
1 0.27734375 0.93359375 0.056640625 0.115234375
1 0.29736328125 0.921875 0.0517578125 0.109375
1 0.32421875 0.92236328125 0.05859375 0.1279296875
1 0.3544921875 0.9306640625 0.056640625 0.123046875
1 0.3994140625 0.90380859375 0.060546875 0.1259765625
1 0.4755859375 0.88427734375 0.05859375 0.1220703125
1 0.5224609375 0.8681640625 0.05859375 0.12890625
1 0.578125 0.859375 0.06640625 0.12890625
1 0.609375 0.86376953125 0.064453125 0.1279296875
1 0.650390625 0.8369140625 0.05859375 0.126953125
1 0.77880859375 0.8017578125 0.0576171875 0.12890625
1 0.42919921875 0.26953125 0.0400390625 0.12109375
1 0.46044921875 0.2587890625 0.0400390625 0.123046875
1 0.486328125 0.255859375 0.04296875 0.12109375
1 0.56591796875 0.2353515625 0.0419921875 0.12109375
1 0.59423828125 0.22412109375 0.0400390625 0.1201171875
1 0.0791015625 0.830078125 0.0546875 0.037109375
1 0.08154296875 0.7763671875 0.0478515625 0.03125
1 0.72509765625 0.2734375 0.0869140625 0.046875
1 0.0634765625 0.75390625 0.068359375 0.0390625
1 0.0283203125 0.1552734375 0.0546875 0.0390625
1 0.13525390625 0.12353515625 0.1259765625 0.0556640625
1 0.10107421875 0.29931640625 0.0556640625 0.0341796875
1 0.1142578125 0.3212890625 0.056640625 0.03515625
1 0.03369140625 0.6513671875 0.0654296875 0.0390625
1 0.0419921875 0.677734375 0.0703125 0.03515625
1 0.052734375 0.7021484375 0.052734375 0.03125
1 0.04150390625 0.7353515625 0.0576171875 0.037109375
1 0.6484375 0.21484375 0.041015625 0.115234375
1 0.72998046875 0.30224609375 0.0869140625 0.0439453125
0 0.04150390625 0.482421875 0.0263671875 0.03125
0 0.1484375 0.47705078125 0.052734375 0.0322265625
1 0.14501953125 0.4462890625 0.0517578125 0.029296875
1 0.14013671875 0.4208984375 0.0498046875 0.029296875
1 0.1328125 0.3974609375 0.05078125 0.029296875
1 0.1279296875 0.37158203125 0.052734375 0.0283203125
1 0.1279296875 0.3447265625 0.056640625 0.03125
1 0.34423828125 0.37646484375 0.0478515625 0.0322265625
1 0.73486328125 0.32666015625 0.0869140625 0.0419921875
1 0.76513671875 0.3447265625 0.1376953125 0.056640625
1 0.7626953125 0.37353515625 0.123046875 0.0517578125
