0 0.95654296875 0.994140625 0.0185546875 0.01171875
1 0.4833984375 0.9931640625 0.068359375 0.013671875
1 0.05419921875 0.974609375 0.0693359375 0.0234375
0 0.9375 0.990234375 0.017578125 0.01953125
1 0.01904296875 0.0556640625 0.0361328125 0.025390625
1 0.01513671875 0.0048828125 0.0283203125 0.0078125
0 0.68212890625 0.2470703125 0.0224609375 0.041015625
1 0.02978515625 0.43310546875 0.0576171875 0.0439453125
0 0.34423828125 0.39453125 0.0205078125 0.037109375
0 0.36279296875 0.39013671875 0.0185546875 0.0341796875
0 0.54736328125 0.81884765625 0.0361328125 0.0205078125
1 0.5458984375 0.79052734375 0.0390625 0.0244140625
1 0.5380859375 0.73828125 0.048828125 0.037109375
1 0.53564453125 0.71337890625 0.0517578125 0.0380859375
1 0.53125 0.68701171875 0.048828125 0.0361328125
1 0.52783203125 0.66259765625 0.0478515625 0.0380859375
1 0.5224609375 0.6337890625 0.046875 0.041015625
0 0.7353515625 0.7431640625 0.033203125 0.01953125
0 0.7275390625 0.70703125 0.03515625 0.01953125
0 0.716796875 0.634765625 0.033203125 0.0234375
0 0.69970703125 0.5283203125 0.0322265625 0.01953125
0 0.69775390625 0.5087890625 0.0302734375 0.01953125
1 0.5849609375 0.4677734375 0.048828125 0.046875
1 0.49267578125 0.44580078125 0.0478515625 0.0419921875
1 0.4873046875 0.40966796875 0.048828125 0.0439453125
1 0.38232421875 0.3798828125 0.0244140625 0.046875
1 0.498046875 0.4765625 0.048828125 0.0390625
1 0.51806640625 0.603515625 0.0498046875 0.0390625
1 0.59912109375 0.63134765625 0.0517578125 0.0458984375
1 0.6015625 0.59326171875 0.0546875 0.0498046875
1 0.5927734375 0.55078125 0.052734375 0.052734375
1 0.587890625 0.51123046875 0.056640625 0.0478515625
0 0.42626953125 0.37890625 0.0224609375 0.033203125
1 0.568359375 0.89404296875 0.046875 0.0263671875
1 0.896484375 0.4091796875 0.021484375 0.04296875
0 0.8994140625 0.564453125 0.0234375 0.03515625
0 0.9296875 0.64404296875 0.01953125 0.0380859375
0 0.92724609375 0.87646484375 0.0224609375 0.0380859375
0 0.912109375 0.91357421875 0.0234375 0.0380859375
0 0.95654296875 0.95556640625 0.0205078125 0.0380859375
0 0.91357421875 0.9599609375 0.0244140625 0.037109375
0 0.916015625 0.99609375 0.017578125 0.0078125
0 0.525390625 0.8935546875 0.0234375 0.0390625
0 0.50439453125 0.89794921875 0.0244140625 0.0361328125
0 0.421875 0.9150390625 0.03125 0.01953125
1 0.76220703125 0.90087890625 0.0283203125 0.0537109375
0 0.484375 0.89990234375 0.021484375 0.0322265625
