1 0.53515625 0.544921875 0.07421875 0.119140625
1 0.26123046875 0.13916015625 0.1181640625 0.0771484375
1 0.40576171875 0.11328125 0.0283203125 0.125
1 0.259765625 0.111328125 0.12109375 0.078125
1 0.2548828125 0.08544921875 0.115234375 0.0732421875
1 0.251953125 0.05859375 0.12109375 0.076171875
1 0.2490234375 0.03515625 0.1171875 0.068359375
1 0.232421875 0.02392578125 0.103515625 0.0458984375
1 0.35986328125 0.5419921875 0.0439453125 0.12109375
1 0.33447265625 0.546875 0.0439453125 0.125
1 0.31005859375 0.55224609375 0.0419921875 0.1220703125
1 0.28564453125 0.55810546875 0.0439453125 0.1201171875
1 0.10400390625 0.5849609375 0.0458984375 0.12109375
1 0.13232421875 0.58251953125 0.0439453125 0.1162109375
1 0.162109375 0.57861328125 0.04296875 0.1181640625
1 0.18896484375 0.57275390625 0.0400390625 0.1181640625
1 0.2119140625 0.56787109375 0.041015625 0.1181640625
1 0.23583984375 0.56298828125 0.0400390625 0.1201171875
1 0.26123046875 0.56005859375 0.0419921875 0.1201171875
1 0.009765625 0.64013671875 0.017578125 0.0439453125
0 0.8564453125 0.9267578125 0.03125 0.029296875
0 0.89453125 0.95556640625 0.03515625 0.0302734375
0 0.00537109375 0.01953125 0.0087890625 0.021484375
0 0.01806640625 0.1015625 0.0341796875 0.03125
0 0.4384765625 0.13232421875 0.0234375 0.0419921875
0 0.48046875 0.34521484375 0.029296875 0.0361328125
