0 0.1884765625 0.30810546875 0.0390625 0.0205078125
0 0.08935546875 0.32470703125 0.0361328125 0.0185546875
1 0.9560546875 0.7451171875 0.087890625 0.0234375
1 0.87353515625 0.982421875 0.0810546875 0.03515625
1 0.7763671875 0.97412109375 0.109375 0.0517578125
1 0.66650390625 0.97265625 0.1123046875 0.0546875
1 0.61083984375 0.97216796875 0.1142578125 0.0556640625
1 0.783203125 0.841796875 0.11328125 0.078125
1 0.6708984375 0.83984375 0.115234375 0.07421875
1 0.6396484375 0.826171875 0.1171875 0.078125
1 0.5908203125 0.2373046875 0.123046875 0.056640625
1 0.974609375 0.84912109375 0.05078125 0.0439453125
1 0.9912109375 0.87060546875 0.017578125 0.0302734375
1 0.93115234375 0.97802734375 0.0869140625 0.0439453125
0 0.30419921875 0.2802734375 0.0380859375 0.0234375
0 0.3203125 0.310546875 0.0390625 0.025390625
0 0.830078125 0.1455078125 0.0390625 0.02734375
0 0.88037109375 0.0888671875 0.0380859375 0.02734375
0 0.7685546875 0.13525390625 0.033203125 0.0244140625
0 0.720703125 0.1552734375 0.041015625 0.029296875
0 0.63623046875 0.18017578125 0.0478515625 0.0322265625
0 0.44189453125 0.279296875 0.0322265625 0.0234375
0 0.15478515625 0.349609375 0.0341796875 0.021484375
1 0.5185546875 0.2255859375 0.12890625 0.060546875
