0 0.43798828125 0.7509765625 0.0341796875 0.025390625
0 0.42626953125 0.79443359375 0.0419921875 0.0322265625
0 0.267578125 0.86865234375 0.03515625 0.0341796875
0 0.255859375 0.85400390625 0.033203125 0.0361328125
0 0.24365234375 0.83740234375 0.0361328125 0.0380859375
0 0.23046875 0.81982421875 0.037109375 0.0361328125
0 0.2158203125 0.80615234375 0.0390625 0.0380859375
0 0.2021484375 0.79052734375 0.0390625 0.0380859375
0 0.185546875 0.77490234375 0.0390625 0.0400390625
0 0.17236328125 0.755859375 0.0380859375 0.03515625
0 0.16064453125 0.74072265625 0.0341796875 0.0361328125
0 0.46484375 0.5927734375 0.0390625 0.025390625
0 0.54443359375 0.75244140625 0.0263671875 0.0380859375
0 0.55419921875 0.345703125 0.0205078125 0.03515625
0 0.42724609375 0.42724609375 0.0400390625 0.0361328125
0 0.55810546875 0.494140625 0.0185546875 0.041015625
