9 0.28466796875 0.0078125 0.0517578125 0.013671875
9 0.37255859375 0.6044921875 0.0517578125 0.060546875
0 0.296875 0.75537109375 0.0234375 0.0400390625
0 0.4755859375 0.0771484375 0.05078125 0.025390625
0 0.44921875 0.81103515625 0.0234375 0.0400390625
0 0.6259765625 0.79248046875 0.021484375 0.0419921875
0 0.3291015625 0.96240234375 0.0234375 0.0400390625
0 0.0615234375 0.97021484375 0.033203125 0.0205078125
0 0.3779296875 0.40771484375 0.04296875 0.0283203125
0 0.60107421875 0.11083984375 0.0224609375 0.0361328125
0 0.7138671875 0.02734375 0.037109375 0.01953125
