1 0.20458984375 0.2392578125 0.0439453125 0.03125
1 0.21337890625 0.21044921875 0.0419921875 0.0322265625
1 0.345703125 0.9658203125 0.03125 0.0625
1 0.3916015625 0.97314453125 0.03515625 0.0537109375
1 0.4462890625 0.9814453125 0.03125 0.037109375
1 0.47509765625 0.98486328125 0.0283203125 0.0302734375
1 0.49951171875 0.98828125 0.0283203125 0.0234375
1 0.52685546875 0.9912109375 0.0244140625 0.017578125
0 0.16943359375 0.1484375 0.0302734375 0.0390625
1 0.3671875 0.970703125 0.037109375 0.05859375
1 0.2412109375 0.9130859375 0.0390625 0.076171875
1 0.20703125 0.904296875 0.0390625 0.0703125
0 0.1826171875 0.1357421875 0.021484375 0.01953125
0 0.1953125 0.2548828125 0.03515625 0.02734375
0 0.09765625 0.4189453125 0.029296875 0.041015625
