0 0.2041015625 0.423828125 0.021484375 0.037109375
0 0.0966796875 0.99609375 0.033203125 0.0078125
0 0.4228515625 0.91455078125 0.05078125 0.0244140625
0 0.13427734375 0.99365234375 0.0341796875 0.0126953125
0 0.6865234375 0.779296875 0.0390625 0.017578125
0 0.65673828125 0.56787109375 0.0419921875 0.0224609375
0 0.64697265625 0.35595703125 0.0224609375 0.0341796875
0 0.71630859375 0.56396484375 0.0361328125 0.0400390625
0 0.6669921875 0.4482421875 0.029296875 0.046875
0 0.63525390625 0.255859375 0.0244140625 0.041015625
0 0.71044921875 0.19580078125 0.0185546875 0.0380859375
0 0.4833984375 0.2177734375 0.0234375 0.04296875
0 0.50732421875 0.21533203125 0.0224609375 0.0341796875
0 0.544921875 0.2138671875 0.0234375 0.0390625
0 0.54736328125 0.0048828125 0.0576171875 0.0078125
0 0.79150390625 0.7880859375 0.0419921875 0.021484375
0 0.78515625 0.5 0.044921875 0.037109375
0 0.78662109375 0.72705078125 0.0400390625 0.0185546875
0 0.74609375 0.728515625 0.0390625 0.03515625
0 0.87060546875 0.9638671875 0.0263671875 0.046875
0 0.8623046875 0.88427734375 0.025390625 0.0400390625
0 0.98388671875 0.83056640625 0.0322265625 0.0244140625
0 0.9482421875 0.99365234375 0.041015625 0.0126953125
0 0.34716796875 0.65185546875 0.0439453125 0.0224609375
0 0.0703125 0.775390625 0.025390625 0.041015625
