1 0.9521484375 0.681640625 0.037109375 0.033203125
1 0.98876953125 0.74755859375 0.0224609375 0.0419921875
1 0.345703125 0.24951171875 0.048828125 0.0478515625
1 0.50244140625 0.45947265625 0.1025390625 0.1162109375
1 0.34033203125 0.52880859375 0.0595703125 0.0556640625
1 0.69775390625 0.462890625 0.0537109375 0.05078125
1 0.7666015625 0.404296875 0.052734375 0.0546875
1 0.27490234375 0.4501953125 0.0576171875 0.05078125
0 0.29833984375 0.349609375 0.0419921875 0.041015625
0 0.9169921875 0.41015625 0.0390625 0.04296875
0 0.20361328125 0.013671875 0.0361328125 0.025390625
