0 0.54443359375 0.50830078125 0.0302734375 0.0361328125
1 0.56103515625 0.37841796875 0.0498046875 0.0439453125
0 0.1025390625 0.82421875 0.03515625 0.029296875
0 0.111328125 0.80712890625 0.03515625 0.0341796875
0 0.13037109375 0.7919921875 0.0400390625 0.03515625
0 0.18115234375 0.79736328125 0.0400390625 0.0302734375
1 0.6083984375 0.4267578125 0.044921875 0.041015625
1 0.619140625 0.46630859375 0.052734375 0.0419921875
0 0.2646484375 0.8359375 0.041015625 0.03515625
1 0.57177734375 0.4306640625 0.0439453125 0.041015625
1 0.197265625 0.06396484375 0.078125 0.0654296875
1 0.181640625 0.0888671875 0.07421875 0.064453125
1 0.115234375 0.2890625 0.078125 0.107421875
1 0.134765625 0.3125 0.072265625 0.095703125
1 0.1611328125 0.3251953125 0.07421875 0.099609375
1 0.1884765625 0.33056640625 0.068359375 0.0947265625
1 0.20654296875 0.35595703125 0.0771484375 0.1044921875
1 0.2333984375 0.36279296875 0.080078125 0.1181640625
1 0.25244140625 0.3857421875 0.0791015625 0.109375
1 0.2841796875 0.38427734375 0.08203125 0.1123046875
1 0.30908203125 0.3994140625 0.0966796875 0.12890625
1 0.31982421875 0.4912109375 0.0615234375 0.064453125
1 0.345703125 0.47216796875 0.056640625 0.0634765625
1 0.357421875 0.4462890625 0.0625 0.072265625
1 0.37060546875 0.42431640625 0.0673828125 0.0693359375
1 0.38330078125 0.3984375 0.0654296875 0.068359375
1 0.40185546875 0.3720703125 0.0673828125 0.072265625
1 0.42236328125 0.3525390625 0.0654296875 0.072265625
1 0.43798828125 0.3271484375 0.0615234375 0.068359375
1 0.45263671875 0.3037109375 0.0673828125 0.068359375
1 0.470703125 0.28173828125 0.0625 0.0673828125
1 0.48974609375 0.26025390625 0.0634765625 0.0732421875
1 0.66015625 0.4970703125 0.041015625 0.037109375
1 0.705078125 0.46484375 0.1015625 0.08203125
1 0.67626953125 0.53271484375 0.0517578125 0.0458984375
1 0.65234375 0.45458984375 0.05078125 0.0419921875
1 0.6923828125 0.4873046875 0.05078125 0.044921875
0 0.2236328125 0.81494140625 0.0390625 0.0322265625
0 0.21044921875 0.88818359375 0.0283203125 0.0380859375
0 0.5322265625 0.49658203125 0.029296875 0.0322265625
0 0.98779296875 0.24853515625 0.0244140625 0.0478515625
1 0.791015625 0.1669921875 0.048828125 0.0390625
1 0.85986328125 0.2138671875 0.0498046875 0.04296875
1 0.90185546875 0.24169921875 0.0439453125 0.0361328125
0 0.94189453125 0.26904296875 0.0361328125 0.0341796875
0 0.87548828125 0.26416015625 0.0322265625 0.0322265625
1 0.873046875 0.32080078125 0.052734375 0.0341796875
1 0.9208984375 0.345703125 0.05078125 0.03515625
1 0.5927734375 0.4765625 0.044921875 0.046875
1 0.5859375 0.5166015625 0.041015625 0.046875
1 0.70751953125 0.42236328125 0.0419921875 0.0439453125
1 0.72265625 0.43310546875 0.0390625 0.0400390625
1 0.5908203125 0.5908203125 0.04296875 0.052734375
1 0.8115234375 0.26025390625 0.0546875 0.0419921875
1 0.76953125 0.23095703125 0.052734375 0.0419921875
1 0.74658203125 0.140625 0.0439453125 0.0390625
0 0.95947265625 0.22314453125 0.0380859375 0.0439453125
0 0.2490234375 0.90576171875 0.03515625 0.0400390625
0 0.92236328125 0.19970703125 0.0419921875 0.0419921875
0 0.28662109375 0.923828125 0.0283203125 0.0390625
0 0.30419921875 0.93115234375 0.0283203125 0.0380859375
0 0.5791015625 0.97607421875 0.03125 0.0419921875
0 0.02099609375 0.986328125 0.0400390625 0.02734375
0 0.560546875 0.19482421875 0.037109375 0.0419921875
1 0.63037109375 0.15380859375 0.0419921875 0.0498046875
0 0.7109375 0.05029296875 0.037109375 0.0498046875
0 0.890625 0.17041015625 0.03515625 0.0458984375
0 0.90625 0.1875 0.037109375 0.041015625
1 0.20947265625 0.03857421875 0.0751953125 0.0634765625
