0 0.1298828125 0.95703125 0.0390625 0.03125
0 0.103515625 0.8876953125 0.04296875 0.033203125
0 0.1923828125 0.88818359375 0.046875 0.0400390625
0 0.1005859375 0.126953125 0.041015625 0.033203125
0 0.4384765625 0.9189453125 0.0390625 0.0390625
0 0.51513671875 0.94970703125 0.0458984375 0.0439453125
0 0.49169921875 0.93408203125 0.0419921875 0.0439453125
0 0.4765625 0.68310546875 0.037109375 0.0283203125
0 0.48388671875 0.66357421875 0.0400390625 0.0283203125
0 0.4951171875 0.64794921875 0.044921875 0.0341796875
0 0.2255859375 0.626953125 0.02734375 0.037109375
0 0.2158203125 0.42041015625 0.03125 0.0419921875
0 0.42529296875 0.27685546875 0.0439453125 0.0361328125
0 0.39990234375 0.15869140625 0.0283203125 0.0439453125
0 0.2841796875 0.25341796875 0.03125 0.0458984375
