0 0.18017578125 0.50830078125 0.0302734375 0.0361328125
1 0.19677734375 0.37841796875 0.0498046875 0.0439453125
1 0.67236328125 0.27099609375 0.0478515625 0.0517578125
1 0.244140625 0.4267578125 0.044921875 0.041015625
1 0.2548828125 0.46630859375 0.052734375 0.0419921875
1 0.20751953125 0.4306640625 0.0439453125 0.041015625
1 0.0126953125 0.458984375 0.0234375 0.046875
1 0.0205078125 0.4287109375 0.0390625 0.060546875
1 0.0263671875 0.39892578125 0.05078125 0.0673828125
1 0.03759765625 0.3720703125 0.0673828125 0.072265625
1 0.05810546875 0.3525390625 0.0654296875 0.072265625
1 0.07373046875 0.3271484375 0.0615234375 0.068359375
1 0.08837890625 0.3037109375 0.0673828125 0.068359375
1 0.1064453125 0.28173828125 0.0625 0.0673828125
1 0.12548828125 0.26025390625 0.0634765625 0.0732421875
1 0.2958984375 0.4970703125 0.041015625 0.037109375
1 0.3408203125 0.46484375 0.1015625 0.08203125
1 0.31201171875 0.53271484375 0.0517578125 0.0458984375
1 0.2880859375 0.45458984375 0.05078125 0.0419921875
1 0.328125 0.4873046875 0.05078125 0.044921875
0 0.16796875 0.49658203125 0.029296875 0.0322265625
0 0.6318359375 0.24853515625 0.041015625 0.0478515625
1 0.4267578125 0.1669921875 0.048828125 0.0390625
1 0.49560546875 0.2138671875 0.0498046875 0.04296875
1 0.53759765625 0.24169921875 0.0439453125 0.0361328125
0 0.57763671875 0.26904296875 0.0361328125 0.0341796875
0 0.51123046875 0.26416015625 0.0322265625 0.0322265625
1 0.5087890625 0.32080078125 0.052734375 0.0341796875
1 0.556640625 0.345703125 0.05078125 0.03515625
1 0.228515625 0.4765625 0.044921875 0.046875
1 0.2216796875 0.5166015625 0.041015625 0.046875
1 0.34326171875 0.42236328125 0.0419921875 0.0439453125
1 0.3583984375 0.43310546875 0.0390625 0.0400390625
1 0.2265625 0.5908203125 0.04296875 0.052734375
1 0.93603515625 0.607421875 0.0419921875 0.046875
1 0.90869140625 0.6025390625 0.0419921875 0.056640625
1 0.447265625 0.26025390625 0.0546875 0.0419921875
1 0.4052734375 0.23095703125 0.052734375 0.0419921875
1 0.38232421875 0.140625 0.0439453125 0.0390625
0 0.59521484375 0.22314453125 0.0380859375 0.0439453125
0 0.55810546875 0.19970703125 0.0419921875 0.0419921875
0 0.21484375 0.97607421875 0.03125 0.0419921875
0 0.1962890625 0.19482421875 0.037109375 0.0419921875
1 0.26611328125 0.15380859375 0.0419921875 0.0498046875
0 0.3466796875 0.05029296875 0.037109375 0.0498046875
0 0.5263671875 0.17041015625 0.03515625 0.0458984375
0 0.748046875 0.1396484375 0.0390625 0.04296875
0 0.76953125 0.15234375 0.03515625 0.041015625
0 0.5419921875 0.1875 0.037109375 0.041015625
