12 0.228515625 0.37744140625 0.06640625 0.0849609375
12 0.498046875 0.373046875 0.064453125 0.09375
12 0.4306640625 0.37451171875 0.05859375 0.0908203125
12 0.36474609375 0.3779296875 0.0634765625 0.091796875
12 0.29541015625 0.38232421875 0.0576171875 0.0947265625
12 0.494140625 0.26953125 0.0625 0.10546875
12 0.4267578125 0.26904296875 0.0625 0.1044921875
12 0.36181640625 0.27197265625 0.0595703125 0.1064453125
12 0.2978515625 0.27490234375 0.0625 0.1064453125
8 0.603515625 0.39990234375 0.091796875 0.0419921875
8 0.6015625 0.34716796875 0.091796875 0.0400390625
8 0.60009765625 0.294921875 0.0888671875 0.04296875
8 0.59765625 0.24169921875 0.087890625 0.0380859375
12 0.22607421875 0.279296875 0.0712890625 0.09765625
6 0.6474609375 0.9326171875 0.455078125 0.134765625
