0 0.8154296875 0.5927734375 0.029296875 0.041015625
0 0.53515625 0.5712890625 0.01953125 0.041015625
0 0.55859375 0.5693359375 0.01953125 0.037109375
0 0.40087890625 0.87939453125 0.0380859375 0.0244140625
0 0.2783203125 0.81201171875 0.04296875 0.0263671875
0 0.29296875 0.90087890625 0.0390625 0.0263671875
0 0.1396484375 0.94677734375 0.037109375 0.0263671875
0 0.3896484375 0.47021484375 0.02734375 0.0419921875
0 0.32568359375 0.48046875 0.0283203125 0.044921875
0 0.30517578125 0.49169921875 0.0302734375 0.0458984375
11 0.9072265625 0.08740234375 0.185546875 0.1728515625
1 0.14794921875 0.087890625 0.0908203125 0.056640625
1 0.29150390625 0.0390625 0.0810546875 0.046875
1 0.3955078125 0.017578125 0.091796875 0.033203125
1 0.86279296875 0.5712890625 0.0322265625 0.05859375
1 0.9189453125 0.59130859375 0.05859375 0.0517578125
1 0.93701171875 0.61279296875 0.0576171875 0.0478515625
1 0.947265625 0.63623046875 0.05859375 0.0439453125
1 0.13818359375 0.90185546875 0.0380859375 0.0673828125
1 0.6806640625 0.97607421875 0.095703125 0.0478515625
0 0.6669921875 0.37353515625 0.029296875 0.0400390625
0 0.77734375 0.34912109375 0.029296875 0.0439453125
0 0.72216796875 0.56884765625 0.0419921875 0.0361328125
