0 0.943359375 0.5205078125 0.029296875 0.0390625
0 0.29541015625 0.04296875 0.0322265625 0.0390625
0 0.26025390625 0.06201171875 0.0302734375 0.0400390625
0 0.16845703125 0.19091796875 0.0419921875 0.0322265625
0 0.0224609375 0.2841796875 0.041015625 0.033203125
0 0.029296875 0.3046875 0.04296875 0.033203125
0 0.06640625 0.28662109375 0.041015625 0.0322265625
0 0.07080078125 0.15771484375 0.0322265625 0.0361328125
0 0.15087890625 0.24560546875 0.0400390625 0.0341796875
0 0.1376953125 0.2275390625 0.041015625 0.03125
0 0.2265625 0.080078125 0.03515625 0.044921875
0 0.3642578125 0.095703125 0.041015625 0.037109375
0 0.24658203125 0.1513671875 0.0439453125 0.03515625
0 0.25927734375 0.16943359375 0.0400390625 0.0322265625
0 0.265625 0.189453125 0.0390625 0.033203125
0 0.3017578125 0.17041015625 0.037109375 0.0302734375
0 0.29296875 0.154296875 0.03515625 0.029296875
0 0.37353515625 0.1142578125 0.0380859375 0.03125
0 0.01611328125 0.27001953125 0.0302734375 0.0322265625
0 0.92138671875 0.5244140625 0.0322265625 0.04296875
0 0.05322265625 0.87451171875 0.0400390625 0.0361328125
0 0.02001953125 0.84619140625 0.0380859375 0.0380859375
0 0.013671875 0.775390625 0.025390625 0.037109375
0 0.0458984375 0.92333984375 0.04296875 0.0400390625
0 0.13720703125 0.802734375 0.0400390625 0.03125
0 0.12841796875 0.78369140625 0.0380859375 0.0322265625
0 0.119140625 0.765625 0.041015625 0.03125
0 0.10986328125 0.748046875 0.0400390625 0.03125
0 0.0576171875 0.90234375 0.04296875 0.0390625
0 0.0107421875 0.890625 0.01953125 0.03515625
0 0.08251953125 0.6962890625 0.0419921875 0.03515625
0 0.67578125 0.71533203125 0.041015625 0.0322265625
1 0.90625 0.5439453125 0.041015625 0.0546875
0 0.806640625 0.646484375 0.04296875 0.037109375
0 0.765625 0.666015625 0.044921875 0.037109375
0 0.71044921875 0.701171875 0.0380859375 0.033203125
0 0.5859375 0.75439453125 0.041015625 0.0361328125
0 0.5478515625 0.7744140625 0.044921875 0.03515625
0 0.4599609375 0.81884765625 0.046875 0.0361328125
0 0.42138671875 0.83837890625 0.0419921875 0.0341796875
0 0.5478515625 0.87548828125 0.03515625 0.0244140625
0 0.392578125 0.95458984375 0.048828125 0.0361328125
0 0.091796875 0.7119140625 0.037109375 0.029296875
0 0.0732421875 0.67626953125 0.041015625 0.0361328125
0 0.0654296875 0.65625 0.04296875 0.03515625
0 0.05712890625 0.63720703125 0.0361328125 0.0322265625
0 0.0390625 0.6005859375 0.041015625 0.03125
0 0.0302734375 0.5830078125 0.0390625 0.033203125
0 0.0126953125 0.5244140625 0.0234375 0.025390625
0 0.0185546875 0.5439453125 0.03515625 0.0390625
