4 0.8515625 0.29443359375 0.04296875 0.0439453125
4 0.4716796875 0.69287109375 0.044921875 0.0615234375
4 0.5029296875 0.5576171875 0.072265625 0.08203125
4 0.41748046875 0.58154296875 0.0830078125 0.1103515625
4 0.751953125 0.91650390625 0.03515625 0.0693359375
4 0.80712890625 0.8759765625 0.0478515625 0.091796875
4 0.7744140625 0.9658203125 0.052734375 0.068359375
11 0.16650390625 0.77685546875 0.1005859375 0.1142578125
4 0.4765625 0.63720703125 0.052734375 0.1005859375
4 0.4990234375 0.6201171875 0.044921875 0.095703125
4 0.8828125 0.40283203125 0.021484375 0.0634765625
4 0.6708984375 0.06982421875 0.0390625 0.0498046875
4 0.7587890625 0.17724609375 0.041015625 0.0361328125
4 0.86962890625 0.2705078125 0.0419921875 0.041015625
4 0.88232421875 0.25439453125 0.0380859375 0.0361328125
3 0.76708984375 0.24462890625 0.0224609375 0.0205078125
4 0.771484375 0.41748046875 0.03515625 0.0146484375
4 0.7822265625 0.4072265625 0.052734375 0.0234375
4 0.77392578125 0.43359375 0.0380859375 0.01953125
3 0.33447265625 0.31494140625 0.0517578125 0.0517578125
4 0.5283203125 0.390625 0.06640625 0.0546875
4 0.73583984375 0.97314453125 0.0302734375 0.0537109375
4 0.89794921875 0.41064453125 0.0185546875 0.0458984375
4 0.8994140625 0.337890625 0.017578125 0.03515625
4 0.72705078125 0.3828125 0.0517578125 0.044921875
4 0.6728515625 0.3642578125 0.060546875 0.033203125
4 0.67236328125 0.3779296875 0.0498046875 0.033203125
4 0.56591796875 0.46875 0.0400390625 0.048828125
4 0.5234375 0.49169921875 0.056640625 0.0556640625
4 0.5146484375 0.47509765625 0.0625 0.0634765625
4 0.5009765625 0.46044921875 0.037109375 0.0458984375
4 0.7724609375 0.5869140625 0.056640625 0.041015625
4 0.82958984375 0.43408203125 0.0517578125 0.0263671875
