2 0.81689453125 0.47119140625 0.0654296875 0.0634765625
2 0.77783203125 0.5283203125 0.0673828125 0.06640625
2 0.68505859375 0.62744140625 0.0751953125 0.0771484375
2 0.70751953125 0.57958984375 0.0634765625 0.0693359375
2 0.72802734375 0.61083984375 0.0751953125 0.0673828125
2 0.7470703125 0.5810546875 0.076171875 0.072265625
2 0.84130859375 0.28955078125 0.0712890625 0.0751953125
2 0.59814453125 0.51708984375 0.0693359375 0.0751953125
2 0.62451171875 0.5263671875 0.0673828125 0.072265625
2 0.64208984375 0.5458984375 0.0732421875 0.078125
2 0.66455078125 0.5634765625 0.0732421875 0.078125
2 0.69091796875 0.52001953125 0.0537109375 0.0498046875
2 0.70654296875 0.5419921875 0.0478515625 0.048828125
