5 0.919921875 0.4130859375 0.150390625 0.087890625
11 0.27880859375 0.50146484375 0.0400390625 0.0439453125
11 0.3154296875 0.22216796875 0.029296875 0.0283203125
5 0.9267578125 0.33984375 0.12890625 0.078125
11 0.5078125 0.345703125 0.029296875 0.033203125
5 0.94677734375 0.96630859375 0.0771484375 0.0556640625
5 0.96435546875 0.1181640625 0.0693359375 0.056640625
5 0.95654296875 0.1748046875 0.0849609375 0.052734375
5 0.94580078125 0.23828125 0.1064453125 0.078125
5 0.93994140625 0.29345703125 0.1181640625 0.0732421875
