3 0.92578125 0.599609375 0.025390625 0.0234375
3 0.9912109375 0.66943359375 0.017578125 0.0712890625
3 0.83056640625 0.6904296875 0.0224609375 0.025390625
3 0.90185546875 0.70068359375 0.0478515625 0.0478515625
3 0.91845703125 0.6533203125 0.0361328125 0.03515625
3 0.87646484375 0.638671875 0.0361328125 0.03515625
3 0.8916015625 0.5947265625 0.041015625 0.041015625
3 0.92041015625 0.6201171875 0.0166015625 0.015625
3 0.970703125 0.56591796875 0.03515625 0.0400390625
3 0.9365234375 0.55029296875 0.037109375 0.0380859375
5 0.11181640625 0.22998046875 0.2158203125 0.1201171875
5 0.07568359375 0.1494140625 0.1396484375 0.09375
5 0.03125 0.267578125 0.060546875 0.060546875
5 0.044921875 0.32666015625 0.0859375 0.0693359375
5 0.22705078125 0.93603515625 0.0634765625 0.0693359375
5 0.1806640625 0.9658203125 0.056640625 0.068359375
5 0.13427734375 0.97802734375 0.0498046875 0.0439453125
5 0.0888671875 0.98681640625 0.037109375 0.0263671875
5 0.09765625 0.94580078125 0.052734375 0.0576171875
5 0.05810546875 0.9599609375 0.0537109375 0.06640625
5 0.02490234375 0.9765625 0.0478515625 0.046875
4 0.369140625 0.6328125 0.05078125 0.068359375
