1 0.52978515625 0.5927734375 0.0341796875 0.076171875
1 0.0966796875 0.1015625 0.048828125 0.021484375
1 0.15185546875 0.10595703125 0.0537109375 0.0185546875
1 0.20654296875 0.109375 0.0556640625 0.025390625
1 0.3740234375 0.47412109375 0.07421875 0.0400390625
1 0.38818359375 0.501953125 0.0673828125 0.03515625
1 0.43994140625 0.49462890625 0.0361328125 0.0712890625
1 0.4765625 0.5068359375 0.041015625 0.078125
1 0.47509765625 0.59228515625 0.0400390625 0.0830078125
1 0.5537109375 0.5166015625 0.041015625 0.076171875
1 0.53271484375 0.51318359375 0.0380859375 0.0693359375
1 0.50634765625 0.5087890625 0.0361328125 0.0703125
1 0.505859375 0.58740234375 0.0390625 0.0791015625
0 0.83837890625 0.89453125 0.0419921875 0.021484375
1 0.36181640625 0.58984375 0.0810546875 0.0390625
1 0.35302734375 0.615234375 0.0791015625 0.0390625
1 0.34619140625 0.64306640625 0.0751953125 0.0380859375
1 0.34228515625 0.66943359375 0.0791015625 0.0361328125
1 0.33251953125 0.6962890625 0.0791015625 0.04296875
1 0.32421875 0.72314453125 0.078125 0.0400390625
1 0.32373046875 0.75048828125 0.0771484375 0.0400390625
1 0.353515625 0.7861328125 0.0703125 0.037109375
1 0.35546875 0.8134765625 0.048828125 0.029296875
1 0.42138671875 0.82666015625 0.0791015625 0.0380859375
1 0.64697265625 0.82080078125 0.0517578125 0.0322265625
1 0.5546875 0.79443359375 0.078125 0.0361328125
1 0.5625 0.76953125 0.08203125 0.03515625
1 0.56640625 0.74658203125 0.080078125 0.0341796875
1 0.70361328125 0.76806640625 0.0380859375 0.0791015625
1 0.859375 0.578125 0.076171875 0.037109375
1 0.853515625 0.60595703125 0.080078125 0.0380859375
1 0.849609375 0.634765625 0.078125 0.03515625
1 0.85107421875 0.66796875 0.0576171875 0.03125
1 0.8369140625 0.68798828125 0.078125 0.0302734375
1 0.83154296875 0.71533203125 0.0615234375 0.0322265625
0 0.0966796875 0.3271484375 0.03125 0.017578125
0 0.04345703125 0.53076171875 0.0400390625 0.0185546875
0 0.8388671875 0.89453125 0.04296875 0.025390625
0 0.81884765625 0.8515625 0.0400390625 0.0234375
0 0.8173828125 0.818359375 0.041015625 0.0234375
0 0.82568359375 0.79736328125 0.0400390625 0.0224609375
0 0.82763671875 0.73974609375 0.0439453125 0.0244140625
1 0.8603515625 0.55224609375 0.0703125 0.0302734375
1 0.7578125 0.666015625 0.0390625 0.080078125
1 0.5712890625 0.72412109375 0.080078125 0.0380859375
1 0.78271484375 0.6728515625 0.0361328125 0.08203125
1 0.57666015625 0.69970703125 0.0810546875 0.0380859375
1 0.580078125 0.6767578125 0.08203125 0.0390625
1 0.58935546875 0.65234375 0.0810546875 0.0390625
1 0.59765625 0.63037109375 0.080078125 0.0400390625
1 0.603515625 0.60791015625 0.08203125 0.0361328125
1 0.6123046875 0.58642578125 0.08203125 0.0380859375
1 0.61767578125 0.5625 0.0810546875 0.037109375
1 0.6171875 0.5400390625 0.072265625 0.0390625
1 0.62109375 0.5146484375 0.060546875 0.033203125
1 0.6962890625 0.5732421875 0.076171875 0.03515625
1 0.693359375 0.59521484375 0.0703125 0.0341796875
1 0.6904296875 0.61669921875 0.078125 0.0361328125
1 0.681640625 0.6396484375 0.078125 0.03515625
1 0.67138671875 0.6611328125 0.0771484375 0.0390625
1 0.66455078125 0.6884765625 0.0751953125 0.037109375
1 0.662109375 0.71337890625 0.078125 0.0341796875
1 0.658203125 0.74267578125 0.076171875 0.0361328125
1 0.64697265625 0.7666015625 0.0712890625 0.037109375
1 0.646484375 0.7919921875 0.072265625 0.03515625
1 0.75048828125 0.576171875 0.0322265625 0.078125
1 0.73193359375 0.6689453125 0.0419921875 0.080078125
1 0.77734375 0.568359375 0.0390625 0.078125
1 0.8017578125 0.5830078125 0.041015625 0.080078125
