1 0.64208984375 0.5927734375 0.0341796875 0.076171875
1 0.208984375 0.1015625 0.048828125 0.021484375
1 0.26416015625 0.10595703125 0.0537109375 0.0185546875
1 0.31884765625 0.109375 0.0556640625 0.025390625
1 0.486328125 0.47412109375 0.07421875 0.0400390625
1 0.50048828125 0.501953125 0.0673828125 0.03515625
1 0.55224609375 0.49462890625 0.0361328125 0.0712890625
1 0.5888671875 0.5068359375 0.041015625 0.078125
1 0.58740234375 0.59228515625 0.0400390625 0.0830078125
1 0.666015625 0.5166015625 0.041015625 0.076171875
1 0.64501953125 0.51318359375 0.0380859375 0.0693359375
1 0.61865234375 0.5087890625 0.0361328125 0.0703125
1 0.6181640625 0.58740234375 0.0390625 0.0791015625
0 0.95068359375 0.89453125 0.0419921875 0.021484375
1 0.47412109375 0.58984375 0.0810546875 0.0390625
1 0.46533203125 0.615234375 0.0791015625 0.0390625
1 0.45849609375 0.64306640625 0.0751953125 0.0380859375
1 0.45458984375 0.66943359375 0.0791015625 0.0361328125
1 0.44482421875 0.6962890625 0.0791015625 0.04296875
1 0.4365234375 0.72314453125 0.078125 0.0400390625
1 0.43603515625 0.75048828125 0.0771484375 0.0400390625
1 0.4658203125 0.7861328125 0.0703125 0.037109375
1 0.4677734375 0.8134765625 0.048828125 0.029296875
1 0.53369140625 0.82666015625 0.0791015625 0.0380859375
1 0.75927734375 0.82080078125 0.0517578125 0.0322265625
1 0.6669921875 0.79443359375 0.078125 0.0361328125
1 0.6748046875 0.76953125 0.08203125 0.03515625
1 0.6787109375 0.74658203125 0.080078125 0.0341796875
1 0.81591796875 0.76806640625 0.0380859375 0.0791015625
1 0.966796875 0.5771484375 0.06640625 0.03515625
1 0.962890625 0.60546875 0.07421875 0.037109375
1 0.96142578125 0.634765625 0.0771484375 0.03515625
1 0.96337890625 0.66796875 0.0576171875 0.03125
1 0.94921875 0.68798828125 0.078125 0.0302734375
1 0.94384765625 0.71533203125 0.0615234375 0.0322265625
0 0.208984375 0.3271484375 0.03125 0.017578125
0 0.15576171875 0.53076171875 0.0400390625 0.0185546875
0 0.0390625 0.4453125 0.033203125 0.017578125
0 0.0205078125 0.62890625 0.03515625 0.01953125
0 0.09375 0.27783203125 0.033203125 0.0205078125
0 0.951171875 0.89453125 0.04296875 0.025390625
0 0.93115234375 0.8515625 0.0400390625 0.0234375
0 0.9296875 0.818359375 0.041015625 0.0234375
0 0.93798828125 0.79736328125 0.0400390625 0.0224609375
0 0.93994140625 0.73974609375 0.0439453125 0.0244140625
1 0.96875 0.55126953125 0.0625 0.0283203125
1 0.8701171875 0.666015625 0.0390625 0.080078125
1 0.68359375 0.72412109375 0.080078125 0.0380859375
1 0.89501953125 0.6728515625 0.0361328125 0.08203125
1 0.68896484375 0.69970703125 0.0810546875 0.0380859375
1 0.6923828125 0.6767578125 0.08203125 0.0390625
1 0.70166015625 0.65234375 0.0810546875 0.0390625
1 0.7099609375 0.63037109375 0.080078125 0.0400390625
1 0.7158203125 0.60791015625 0.08203125 0.0361328125
1 0.724609375 0.58642578125 0.08203125 0.0380859375
1 0.72998046875 0.5625 0.0810546875 0.037109375
1 0.7294921875 0.5400390625 0.072265625 0.0390625
1 0.7333984375 0.5146484375 0.060546875 0.033203125
1 0.80859375 0.5732421875 0.076171875 0.03515625
1 0.8056640625 0.59521484375 0.0703125 0.0341796875
1 0.802734375 0.61669921875 0.078125 0.0361328125
1 0.7939453125 0.6396484375 0.078125 0.03515625
1 0.78369140625 0.6611328125 0.0771484375 0.0390625
1 0.77685546875 0.6884765625 0.0751953125 0.037109375
1 0.7744140625 0.71337890625 0.078125 0.0341796875
1 0.7705078125 0.74267578125 0.076171875 0.0361328125
1 0.75927734375 0.7666015625 0.0712890625 0.037109375
1 0.7587890625 0.7919921875 0.072265625 0.03515625
1 0.86279296875 0.576171875 0.0322265625 0.078125
1 0.84423828125 0.6689453125 0.0419921875 0.080078125
1 0.8896484375 0.568359375 0.0390625 0.078125
1 0.9140625 0.5830078125 0.041015625 0.080078125
