1 0.25146484375 0.36572265625 0.1005859375 0.0458984375
1 0.39990234375 0.12109375 0.0419921875 0.091796875
1 0.994140625 0.05126953125 0.01171875 0.0263671875
1 0.99462890625 0.0205078125 0.0107421875 0.02734375
1 0.994140625 0.00341796875 0.01171875 0.0048828125
0 0.50341796875 0.11328125 0.0244140625 0.03515625
0 0.5146484375 0.14990234375 0.025390625 0.0361328125
0 0.54443359375 0.1376953125 0.0224609375 0.03515625
0 0.5712890625 0.1279296875 0.021484375 0.037109375
0 0.5927734375 0.12744140625 0.01953125 0.0341796875
0 0.61279296875 0.11669921875 0.0263671875 0.0361328125
0 0.68017578125 0.09814453125 0.0244140625 0.0380859375
1 0.4287109375 0.1123046875 0.04296875 0.095703125
1 0.36474609375 0.11865234375 0.0498046875 0.0947265625
1 0.17431640625 0.09375 0.0927734375 0.044921875
1 0.0380859375 0.0283203125 0.05859375 0.0546875
1 0.07421875 0.1142578125 0.09375 0.0390625
1 0.2099609375 0.11572265625 0.095703125 0.0419921875
0 0.79296875 0.037109375 0.03125 0.05078125
0 0.82373046875 0.92626953125 0.0302734375 0.0380859375
0 0.73291015625 0.93310546875 0.0224609375 0.0380859375
0 0.171875 0.28759765625 0.0390625 0.0244140625
1 0.34912109375 0.34326171875 0.0908203125 0.0458984375
1 0.26318359375 0.4033203125 0.0966796875 0.064453125
1 0.35791015625 0.37060546875 0.0966796875 0.0478515625
1 0.359375 0.39892578125 0.09375 0.0498046875
1 0.33984375 0.96728515625 0.072265625 0.0439453125
1 0.78759765625 0.9345703125 0.0439453125 0.080078125
1 0.53173828125 0.71826171875 0.1025390625 0.0341796875
1 0.6552734375 0.70849609375 0.1015625 0.0380859375
1 0.7587890625 0.69580078125 0.095703125 0.0361328125
1 0.85693359375 0.6845703125 0.0966796875 0.03515625
1 0.95361328125 0.66259765625 0.0927734375 0.0615234375
1 0.5732421875 0.34228515625 0.052734375 0.0927734375
1 0.619140625 0.33544921875 0.05078125 0.0986328125
1 0.689453125 0.31982421875 0.03125 0.0927734375
0 0.1708984375 0.31005859375 0.04296875 0.0263671875
0 0.1689453125 0.26611328125 0.044921875 0.0283203125
0 0.15283203125 0.2236328125 0.0361328125 0.021484375
0 0.16064453125 0.2451171875 0.0439453125 0.025390625
1 0.61962890625 0.21728515625 0.0791015625 0.0908203125
1 0.74267578125 0.19970703125 0.0927734375 0.0341796875
1 0.89306640625 0.193359375 0.0927734375 0.03125
0 0.51416015625 0.15185546875 0.0224609375 0.0361328125
0 0.96240234375 0.255859375 0.0205078125 0.037109375
0 0.8916015625 0.33984375 0.021484375 0.044921875
0 0.90087890625 0.25927734375 0.0224609375 0.0419921875
0 0.9423828125 0.2568359375 0.017578125 0.037109375
0 0.984375 0.259765625 0.0234375 0.04296875
0 0.93359375 0.3349609375 0.021484375 0.037109375
0 0.953125 0.33349609375 0.01953125 0.0361328125
0 0.9912109375 0.32958984375 0.017578125 0.0361328125
0 0.5439453125 0.1376953125 0.0234375 0.03515625
0 0.876953125 0.26513671875 0.01953125 0.0400390625
0 0.57080078125 0.12939453125 0.0244140625 0.0341796875
0 0.59326171875 0.12744140625 0.0185546875 0.0322265625
0 0.9892578125 0.45263671875 0.021484375 0.0205078125
0 0.9931640625 0.498046875 0.013671875 0.01953125
0 0.98876953125 0.47265625 0.0224609375 0.01953125
0 0.98876953125 0.4296875 0.0224609375 0.01953125
0 0.93505859375 0.9091796875 0.0224609375 0.044921875
0 0.5888671875 0.91943359375 0.0234375 0.0380859375
0 0.71240234375 0.94775390625 0.0283203125 0.0419921875
0 0.921875 0.2578125 0.01953125 0.03515625
0 0.9384765625 0.115234375 0.044921875 0.0234375
0 0.15283203125 0.22412109375 0.0380859375 0.0244140625
0 0.28515625 0.21044921875 0.0390625 0.0263671875
0 0.1611328125 0.24609375 0.04296875 0.025390625
0 0.16845703125 0.26611328125 0.0458984375 0.0302734375
0 0.1708984375 0.30908203125 0.04296875 0.0283203125
0 0.18359375 0.3291015625 0.046875 0.029296875
0 0.2265625 0.31640625 0.041015625 0.02734375
0 0.22119140625 0.29541015625 0.0400390625 0.0283203125
0 0.20703125 0.2548828125 0.037109375 0.025390625
0 0.3017578125 0.2734375 0.03515625 0.0234375
0 0.29443359375 0.23095703125 0.0439453125 0.0263671875
0 0.33447265625 0.22119140625 0.0380859375 0.0263671875
0 0.78857421875 0.146484375 0.0361328125 0.017578125
0 0.34375 0.24072265625 0.03515625 0.0244140625
0 0.1962890625 0.21044921875 0.041015625 0.0263671875
0 0.20263671875 0.232421875 0.0419921875 0.025390625
0 0.1728515625 0.28662109375 0.0390625 0.0244140625
0 0.21337890625 0.27392578125 0.0400390625 0.0263671875
0 0.193359375 0.34912109375 0.041015625 0.0244140625
0 0.27880859375 0.189453125 0.0419921875 0.02734375
0 0.30078125 0.2509765625 0.041015625 0.02734375
0 0.3544921875 0.279296875 0.041015625 0.029296875
