1 0.609375 0.97998046875 0.060546875 0.0380859375
1 0.60400390625 0.9501953125 0.0673828125 0.0390625
1 0.59765625 0.92333984375 0.06640625 0.0361328125
1 0.58935546875 0.8955078125 0.0654296875 0.0390625
1 0.57568359375 0.837890625 0.0673828125 0.0390625
1 0.5634765625 0.78369140625 0.064453125 0.0361328125
1 0.55419921875 0.75634765625 0.0673828125 0.0400390625
1 0.54931640625 0.7265625 0.0693359375 0.0390625
1 0.5263671875 0.640625 0.0703125 0.037109375
1 0.51806640625 0.6123046875 0.0693359375 0.041015625
1 0.576171875 0.56640625 0.0703125 0.0390625
1 0.568359375 0.53662109375 0.0703125 0.0380859375
1 0.50048828125 0.5537109375 0.0673828125 0.044921875
1 0.49462890625 0.52490234375 0.0654296875 0.0439453125
1 0.34814453125 0.63525390625 0.0751953125 0.0400390625
1 0.341796875 0.60693359375 0.076171875 0.0419921875
1 0.34130859375 0.572265625 0.0849609375 0.04296875
1 0.33935546875 0.5439453125 0.0693359375 0.03515625
1 0.611328125 0.70751953125 0.068359375 0.0400390625
1 0.61962890625 0.7392578125 0.0673828125 0.0390625
1 0.6259765625 0.7685546875 0.06640625 0.037109375
1 0.68212890625 0.98681640625 0.0712890625 0.0263671875
1 0.6728515625 0.96630859375 0.078125 0.0419921875
1 0.66748046875 0.93359375 0.0693359375 0.0390625
1 0.654296875 0.87890625 0.068359375 0.0390625
1 0.64306640625 0.8515625 0.0634765625 0.0390625
1 0.64111328125 0.82275390625 0.0673828125 0.0400390625
1 0.63525390625 0.79541015625 0.0673828125 0.0400390625
1 0.30712890625 0.46533203125 0.0673828125 0.0361328125
