1 0.28173828125 0.013671875 0.0517578125 0.025390625
0 0.0693359375 0.04638671875 0.025390625 0.0341796875
1 0.30859375 0.1689453125 0.05859375 0.0390625
1 0.3154296875 0.1396484375 0.05859375 0.041015625
1 0.3271484375 0.11083984375 0.056640625 0.0380859375
1 0.2685546875 0.091796875 0.064453125 0.044921875
1 0.2890625 0.06787109375 0.0625 0.0419921875
1 0.26904296875 0.03173828125 0.0556640625 0.0419921875
0 0.12451171875 0.701171875 0.0205078125 0.0390625
0 0.11865234375 0.7412109375 0.0224609375 0.041015625
0 0.13623046875 0.62744140625 0.0244140625 0.0439453125
0 0.21923828125 0.6376953125 0.0244140625 0.04296875
0 0.00634765625 0.56494140625 0.0107421875 0.0400390625
0 0.04052734375 0.568359375 0.0224609375 0.041015625
0 0.0625 0.5703125 0.021484375 0.037109375
0 0.18505859375 0.59423828125 0.0244140625 0.0419921875
0 0.0947265625 0.61376953125 0.021484375 0.0380859375
0 0.177734375 0.63671875 0.021484375 0.041015625
0 0.19921875 0.6376953125 0.01953125 0.04296875
0 0.20751953125 0.59228515625 0.0244140625 0.0419921875
0 0.1455078125 0.70751953125 0.0234375 0.0400390625
0 0.1865234375 0.71435546875 0.01953125 0.0400390625
0 0.07763671875 0.73779296875 0.0244140625 0.0400390625
1 0.29638671875 0.2158203125 0.0361328125 0.05859375
1 0.20947265625 0.1826171875 0.0419921875 0.0546875
0 0.00634765625 0.689453125 0.0107421875 0.037109375
1 0.125 0.06396484375 0.044921875 0.0595703125
1 0.09619140625 0.05224609375 0.0458984375 0.0595703125
0 0.04150390625 0.697265625 0.0205078125 0.041015625
0 0.0634765625 0.69921875 0.01953125 0.0390625
0 0.10546875 0.701171875 0.021484375 0.0390625
0 0.18408203125 0.75732421875 0.0244140625 0.0380859375
0 0.1416015625 0.74951171875 0.0234375 0.0400390625
0 0.05712890625 0.740234375 0.0224609375 0.041015625
0 0.0380859375 0.73779296875 0.01953125 0.0302734375
0 0.015625 0.73388671875 0.0234375 0.0361328125
0 0.02197265625 0.69384765625 0.0205078125 0.0400390625
0 0.1044921875 0.57568359375 0.021484375 0.0361328125
0 0.02490234375 0.4208984375 0.0498046875 0.025390625
0 0.01904296875 0.458984375 0.0244140625 0.041015625
0 0.060546875 0.46875 0.029296875 0.04296875
0 0.14404296875 0.4912109375 0.0224609375 0.037109375
0 0.166015625 0.55615234375 0.04296875 0.0224609375
0 0.021484375 0.564453125 0.021484375 0.0390625
0 0.08349609375 0.5771484375 0.0205078125 0.041015625
0 0.125 0.5830078125 0.025390625 0.0390625
0 0.013671875 0.640625 0.025390625 0.017578125
0 0.14453125 0.5859375 0.0234375 0.0390625
0 0.1640625 0.58935546875 0.0234375 0.0380859375
0 0.15771484375 0.63037109375 0.0244140625 0.0400390625
0 0.11669921875 0.62158203125 0.0185546875 0.0322265625
0 0.07470703125 0.6162109375 0.0205078125 0.03515625
0 0.0546875 0.61376953125 0.021484375 0.0400390625
0 0.03564453125 0.61376953125 0.0185546875 0.0361328125
0 0.01513671875 0.6083984375 0.0185546875 0.0390625
0 0.0029296875 0.6064453125 0.00390625 0.037109375
