0 0.25244140625 0.9365234375 0.0361328125 0.02734375
0 0.05322265625 0.8544921875 0.0341796875 0.0234375
0 0.00537109375 0.87158203125 0.0087890625 0.0166015625
0 0.31640625 0.96435546875 0.037109375 0.0283203125
0 0.39208984375 0.99267578125 0.0341796875 0.0146484375
0 0.84375 0.53369140625 0.0390625 0.0283203125
1 0.63916015625 0.498046875 0.0498046875 0.037109375
0 0.76953125 0.50439453125 0.03515625 0.0244140625
0 0.86865234375 0.59765625 0.0380859375 0.029296875
0 0.92578125 0.57275390625 0.03125 0.0244140625
0 0.3232421875 0.1337890625 0.025390625 0.03515625
1 0.64208984375 0.49853515625 0.0517578125 0.0400390625
0 0.77001953125 0.505859375 0.0341796875 0.025390625
0 0.56689453125 0.4619140625 0.0361328125 0.025390625
0 0.52197265625 0.4443359375 0.0380859375 0.029296875
0 0.4052734375 0.3955078125 0.03515625 0.0234375
0 0.3447265625 0.3701171875 0.03125 0.0234375
0 0.26513671875 0.39892578125 0.0322265625 0.0380859375
0 0.22216796875 0.27783203125 0.0361328125 0.0263671875
0 0.345703125 0.1748046875 0.03125 0.041015625
0 0.42431640625 0.201171875 0.0302734375 0.0390625
0 0.29150390625 0.07763671875 0.0283203125 0.0361328125
0 0.6845703125 0.4677734375 0.03515625 0.02734375
0 0.3740234375 0.1103515625 0.037109375 0.044921875
0 0.84423828125 0.53369140625 0.0380859375 0.0263671875
0 0.60205078125 0.4765625 0.0322265625 0.025390625
0 0.0068359375 0.18701171875 0.01171875 0.0205078125
0 0.4443359375 0.408203125 0.03515625 0.02734375
0 0.18408203125 0.2578125 0.0380859375 0.025390625
0 0.34814453125 0.07275390625 0.0283203125 0.0380859375
0 0.39990234375 0.15966796875 0.0302734375 0.0380859375
0 0.48193359375 0.42431640625 0.0400390625 0.0302734375
