1 0.03125 0.3212890625 0.060546875 0.046875
1 0.02392578125 0.3427734375 0.0458984375 0.0390625
1 0.12158203125 0.6474609375 0.0439453125 0.05859375
1 0.015625 0.712890625 0.029296875 0.05859375
1 0.0654296875 0.8515625 0.044921875 0.056640625
1 0.02294921875 0.8330078125 0.0458984375 0.064453125
1 0.01220703125 0.822265625 0.0224609375 0.05859375
0 0.126953125 0.3017578125 0.0390625 0.0390625
0 0.14990234375 0.30859375 0.0380859375 0.037109375
1 0.056640625 0.26318359375 0.0546875 0.0517578125
1 0.0732421875 0.27294921875 0.0546875 0.0517578125
0 0.66162109375 0.41259765625 0.0380859375 0.0361328125
0 0.8740234375 0.04638671875 0.025390625 0.0341796875
0 0.21728515625 0.140625 0.0302734375 0.0390625
0 0.1416015625 0.05126953125 0.0390625 0.0302734375
0 0.15283203125 0.00830078125 0.0361328125 0.0146484375
0 0.22705078125 0.01220703125 0.0400390625 0.0224609375
0 0.19775390625 0.1298828125 0.0283203125 0.037109375
0 0.26611328125 0.05810546875 0.0478515625 0.0556640625
0 0.26416015625 0.025390625 0.0263671875 0.033203125
0 0.2197265625 0.0478515625 0.03125 0.041015625
0 0.14501953125 0.0302734375 0.0380859375 0.029296875
0 0.17822265625 0.12158203125 0.0263671875 0.0361328125
0 0.15869140625 0.11279296875 0.0322265625 0.0458984375
0 0.11376953125 0.44873046875 0.0439453125 0.0283203125
1 0.3720703125 0.12841796875 0.060546875 0.0927734375
1 0.33642578125 0.20263671875 0.0595703125 0.0771484375
0 0.92919921875 0.701171875 0.0205078125 0.0390625
0 0.92333984375 0.7412109375 0.0224609375 0.041015625
0 0.94091796875 0.62744140625 0.0244140625 0.0439453125
0 0.80517578125 0.56494140625 0.0224609375 0.0400390625
0 0.84521484375 0.568359375 0.0224609375 0.041015625
0 0.8671875 0.5703125 0.021484375 0.037109375
0 0.98876953125 0.59423828125 0.0224609375 0.0419921875
0 0.8994140625 0.61376953125 0.021484375 0.0380859375
0 0.982421875 0.63671875 0.021484375 0.041015625
0 0.9970703125 0.63671875 0.005859375 0.041015625
0 0.58837890625 0.45361328125 0.0439453125 0.0244140625
0 0.5498046875 0.41748046875 0.041015625 0.0283203125
0 0.54443359375 0.3798828125 0.0302734375 0.0390625
0 0.40869140625 0.17919921875 0.0302734375 0.0439453125
0 0.35595703125 0.30908203125 0.0283203125 0.0380859375
0 0.45556640625 0.34716796875 0.0419921875 0.0166015625
0 0.4853515625 0.36474609375 0.04296875 0.0244140625
0 0.52099609375 0.32861328125 0.0380859375 0.0244140625
0 0.615234375 0.3974609375 0.03515625 0.033203125
0 0.9501953125 0.70751953125 0.0234375 0.0400390625
0 0.99072265625 0.7138671875 0.0185546875 0.0390625
0 0.88232421875 0.73779296875 0.0244140625 0.0400390625
0 0.18359375 0.83056640625 0.037109375 0.0205078125
1 0.31103515625 0.19287109375 0.0556640625 0.0830078125
1 0.3388671875 0.998046875 0.01953125 0.00390625
1 0.3662109375 0.99462890625 0.021484375 0.0107421875
1 0.6875 0.9951171875 0.05859375 0.009765625
1 0.66796875 0.37353515625 0.064453125 0.0380859375
0 0.20361328125 0.732421875 0.0341796875 0.01953125
0 0.80615234375 0.689453125 0.0205078125 0.037109375
0 0.20458984375 0.7119140625 0.0380859375 0.0234375
0 0.2421875 0.783203125 0.017578125 0.037109375
0 0.353515625 0.46630859375 0.0234375 0.0419921875
0 0.37451171875 0.25927734375 0.0263671875 0.0400390625
0 0.3916015625 0.21728515625 0.025390625 0.0380859375
0 0.4248046875 0.13720703125 0.02734375 0.0361328125
0 0.2177734375 0.14111328125 0.03125 0.0439453125
0 0.7646484375 0.68701171875 0.0234375 0.0419921875
1 0.9296875 0.06396484375 0.044921875 0.0595703125
1 0.90087890625 0.05224609375 0.0458984375 0.0595703125
1 0.55322265625 0.03662109375 0.0302734375 0.0400390625
1 0.3466796875 0.111328125 0.056640625 0.09375
1 0.31982421875 0.1064453125 0.0537109375 0.08984375
0 0.13916015625 0.06982421875 0.0478515625 0.0341796875
0 0.1015625 0.09423828125 0.033203125 0.0458984375
0 0.126953125 0.111328125 0.033203125 0.04296875
0 0.177734375 0.12109375 0.02734375 0.0390625
0 0.1455078125 0.02978515625 0.0390625 0.0322265625
0 0.1416015625 0.048828125 0.041015625 0.03125
1 0.29443359375 0.095703125 0.0576171875 0.09765625
0 0.15234375 0.00830078125 0.0390625 0.0146484375
0 0.1591796875 0.11328125 0.03125 0.044921875
0 0.52490234375 0.0166015625 0.0283203125 0.03125
0 0.4248046875 0.13671875 0.02734375 0.037109375
0 0.63916015625 0.4033203125 0.0341796875 0.033203125
0 0.7265625 0.39208984375 0.046875 0.0302734375
0 0.6865234375 0.419921875 0.037109375 0.03515625
0 0.84619140625 0.697265625 0.0205078125 0.041015625
0 0.8681640625 0.69921875 0.01953125 0.0390625
0 0.91015625 0.701171875 0.021484375 0.0390625
0 0.98828125 0.75732421875 0.0234375 0.0380859375
0 0.9462890625 0.74951171875 0.0234375 0.0400390625
0 0.86181640625 0.740234375 0.0224609375 0.041015625
0 0.8427734375 0.73779296875 0.01953125 0.0302734375
0 0.8203125 0.73388671875 0.0234375 0.0361328125
0 0.798828125 0.7294921875 0.021484375 0.03515625
0 0.77978515625 0.72705078125 0.0205078125 0.0341796875
0 0.73681640625 0.72216796875 0.0244140625 0.0361328125
0 0.23388671875 0.87451171875 0.0185546875 0.0400390625
0 0.23828125 0.83544921875 0.015625 0.0361328125
0 0.18994140625 0.81298828125 0.0419921875 0.0244140625
0 0.19287109375 0.79248046875 0.0400390625 0.0263671875
0 0.24951171875 0.74267578125 0.0224609375 0.0439453125
0 0.197265625 0.75 0.041015625 0.02734375
0 0.33251953125 0.55029296875 0.0224609375 0.0419921875
0 0.34326171875 0.5107421875 0.0244140625 0.037109375
0 0.150390625 0.30810546875 0.0390625 0.0400390625
0 0.30517578125 0.24755859375 0.0400390625 0.0322265625
0 0.82666015625 0.69384765625 0.0205078125 0.0400390625
0 0.78515625 0.6884765625 0.021484375 0.0390625
0 0.744140625 0.6845703125 0.025390625 0.0390625
0 0.9091796875 0.57568359375 0.021484375 0.0361328125
0 0.71240234375 0.427734375 0.0400390625 0.037109375
0 0.73876953125 0.4345703125 0.0380859375 0.037109375
0 0.82958984375 0.4208984375 0.0498046875 0.025390625
0 0.82373046875 0.458984375 0.0244140625 0.041015625
0 0.865234375 0.46875 0.029296875 0.04296875
0 0.94873046875 0.4912109375 0.0224609375 0.037109375
0 0.970703125 0.55615234375 0.04296875 0.0224609375
0 0.826171875 0.564453125 0.021484375 0.0390625
0 0.88818359375 0.5771484375 0.0205078125 0.041015625
0 0.9296875 0.5830078125 0.025390625 0.0390625
0 0.81298828125 0.640625 0.0361328125 0.017578125
0 0.94921875 0.5859375 0.0234375 0.0390625
0 0.96875 0.58935546875 0.0234375 0.0380859375
0 0.96240234375 0.63037109375 0.0244140625 0.0400390625
0 0.92138671875 0.62158203125 0.0185546875 0.0322265625
0 0.87939453125 0.6162109375 0.0205078125 0.03515625
0 0.859375 0.61376953125 0.021484375 0.0400390625
0 0.84033203125 0.61376953125 0.0185546875 0.0361328125
0 0.81982421875 0.6083984375 0.0185546875 0.0390625
0 0.798828125 0.60595703125 0.021484375 0.0380859375
