0 0.98828125 0.99267578125 0.0234375 0.0146484375
0 0.98779296875 0.9931640625 0.0224609375 0.013671875
0 0.38818359375 0.1806640625 0.0244140625 0.03515625
0 0.3251953125 0.18701171875 0.037109375 0.0361328125
0 0.28759765625 0.240234375 0.0361328125 0.03515625
0 0.203125 0.9228515625 0.0390625 0.037109375
0 0.19775390625 0.8525390625 0.0322265625 0.03515625
0 0.20703125 0.75244140625 0.03125 0.0302734375
0 0.642578125 0.87060546875 0.03515625 0.0244140625
0 0.63916015625 0.89208984375 0.0341796875 0.0244140625
0 0.25927734375 0.07275390625 0.0302734375 0.0361328125
