0 0.59619140625 0.9169921875 0.0361328125 0.0546875
0 0.7373046875 0.9052734375 0.04296875 0.033203125
0 0.72900390625 0.88671875 0.0458984375 0.03515625
0 0.72314453125 0.865234375 0.0458984375 0.037109375
0 0.7138671875 0.8447265625 0.044921875 0.03515625
0 0.70166015625 0.8232421875 0.0478515625 0.03515625
0 0.69091796875 0.80224609375 0.0478515625 0.0361328125
0 0.47265625 0.8759765625 0.037109375 0.046875
0 0.47412109375 0.8271484375 0.0224609375 0.04296875
0 0.55126953125 0.81982421875 0.0361328125 0.0498046875
0 0.7958984375 0.7841796875 0.04296875 0.029296875
0 0.67919921875 0.76513671875 0.0478515625 0.0361328125
0 0.67041015625 0.74609375 0.0458984375 0.03515625
0 0.78369140625 0.76611328125 0.0478515625 0.0341796875
0 0.77734375 0.74365234375 0.048828125 0.0341796875
0 0.76953125 0.720703125 0.048828125 0.03125
0 0.66162109375 0.72705078125 0.0439453125 0.0361328125
0 0.64697265625 0.6875 0.0498046875 0.0390625
0 0.74755859375 0.68505859375 0.0439453125 0.0322265625
0 0.7431640625 0.6650390625 0.048828125 0.037109375
0 0.73583984375 0.6455078125 0.0478515625 0.03515625
0 0.7255859375 0.626953125 0.044921875 0.03515625
0 0.712890625 0.60595703125 0.046875 0.0361328125
0 0.76513671875 0.60791015625 0.0478515625 0.0341796875
0 0.7509765625 0.59033203125 0.041015625 0.0361328125
0 0.73291015625 0.55322265625 0.0439453125 0.0341796875
0 0.755859375 0.9697265625 0.041015625 0.029296875
0 0.744140625 0.92578125 0.0390625 0.029296875
0 0.888671875 0.8115234375 0.03515625 0.056640625
0 0.904296875 0.88232421875 0.0390625 0.0693359375
0 0.80615234375 0.802734375 0.0439453125 0.03125
0 0.81103515625 0.822265625 0.0498046875 0.03515625
0 0.81787109375 0.84326171875 0.0458984375 0.0322265625
0 0.8271484375 0.86328125 0.041015625 0.03125
0 0.83251953125 0.884765625 0.0458984375 0.033203125
0 0.83837890625 0.904296875 0.0439453125 0.03125
0 0.7197265625 0.53271484375 0.046875 0.0380859375
0 0.0537109375 0.49169921875 0.04296875 0.0244140625
0 0.09912109375 0.48193359375 0.0400390625 0.0244140625
0 0.1748046875 0.52197265625 0.037109375 0.0224609375
0 0.111328125 0.3955078125 0.041015625 0.03515625
0 0.20703125 0.3447265625 0.046875 0.0390625
0 0.22412109375 0.3681640625 0.0517578125 0.0390625
0 0.3271484375 0.3076171875 0.0390625 0.046875
