0 0.87353515625 0.79296875 0.0322265625 0.05078125
0 0.88671875 0.84033203125 0.02734375 0.0439453125
0 0.8212890625 0.86474609375 0.03125 0.0478515625
0 0.8427734375 0.93994140625 0.029296875 0.0439453125
0 0.85400390625 0.986328125 0.0244140625 0.02734375
6 0.14892578125 0.50048828125 0.2958984375 0.9990234375
7 0.16796875 0.51318359375 0.333984375 0.6416015625
7 0.10888671875 0.099609375 0.2158203125 0.197265625
0 0.89208984375 0.0146484375 0.0458984375 0.02734375
0 0.87744140625 0.05029296875 0.0419921875 0.0302734375
1 0.681640625 0.0048828125 0.0234375 0.0078125
1 0.6337890625 0.04833984375 0.029296875 0.0771484375
0 0.6474609375 0.13232421875 0.029296875 0.0517578125
0 0.794921875 0.73974609375 0.029296875 0.0478515625
0 0.82080078125 0.71240234375 0.0302734375 0.0439453125
0 0.85595703125 0.71435546875 0.0283203125 0.0439453125
7 0.1767578125 0.9111328125 0.3515625 0.177734375
0 0.84521484375 0.66845703125 0.0322265625 0.0498046875
0 0.70068359375 0.3447265625 0.0341796875 0.05859375
0 0.73828125 0.5068359375 0.033203125 0.05078125
0 0.82861328125 0.603515625 0.0302734375 0.046875
