0 0.65869140625 0.26806640625 0.0244140625 0.0498046875
0 0.60498046875 0.02001953125 0.0322265625 0.0380859375
0 0.6201171875 0.06787109375 0.033203125 0.0498046875
1 0.9716796875 0.41162109375 0.0546875 0.0439453125
0 0.95263671875 0.3603515625 0.0595703125 0.04296875
0 0.93896484375 0.1171875 0.0322265625 0.04296875
0 0.9169921875 0.134765625 0.033203125 0.048828125
0 0.70263671875 0.12646484375 0.0244140625 0.0419921875
0 0.716796875 0.478515625 0.02734375 0.048828125
7 0.10888671875 0.59228515625 0.2158203125 0.8154296875
0 0.70947265625 0.5224609375 0.0283203125 0.046875
0 0.69873046875 0.58203125 0.0283203125 0.0546875
0 0.97705078125 0.78173828125 0.0439453125 0.0322265625
0 0.93603515625 0.79833984375 0.0439453125 0.0302734375
0 0.89208984375 0.81640625 0.0458984375 0.033203125
0 0.87744140625 0.85498046875 0.0419921875 0.0302734375
1 0.6767578125 0.78857421875 0.033203125 0.0498046875
1 0.6337890625 0.85302734375 0.029296875 0.0771484375
0 0.6474609375 0.93701171875 0.029296875 0.0517578125
