1 0.50390625 0.396484375 0.080078125 0.1015625
1 0.697265625 0.64794921875 0.146484375 0.1103515625
1 0.6787109375 0.6240234375 0.1484375 0.109375
1 0.65185546875 0.60302734375 0.1630859375 0.1240234375
1 0.6181640625 0.5703125 0.099609375 0.07421875
1 0.33447265625 0.50048828125 0.0849609375 0.1083984375
1 0.36083984375 0.4873046875 0.0751953125 0.09765625
1 0.38427734375 0.47900390625 0.0673828125 0.0888671875
1 0.40625 0.4638671875 0.076171875 0.099609375
1 0.42919921875 0.4443359375 0.0810546875 0.10546875
1 0.45263671875 0.4296875 0.0751953125 0.099609375
1 0.47802734375 0.41259765625 0.0810546875 0.0986328125
1 0.5234375 0.380859375 0.07421875 0.095703125
1 0.45361328125 0.16455078125 0.0712890625 0.0849609375
1 0.55029296875 0.36572265625 0.0791015625 0.0947265625
1 0.57421875 0.34521484375 0.08203125 0.1005859375
1 0.6015625 0.32666015625 0.083984375 0.0986328125
1 0.634765625 0.30810546875 0.08203125 0.0986328125
1 0.212890625 0.31689453125 0.076171875 0.0966796875
1 0.24267578125 0.306640625 0.0791015625 0.1015625
1 0.26708984375 0.2919921875 0.0673828125 0.09765625
1 0.29296875 0.28173828125 0.068359375 0.1025390625
1 0.31787109375 0.2685546875 0.0751953125 0.107421875
1 0.3466796875 0.25830078125 0.060546875 0.0908203125
1 0.3701171875 0.2275390625 0.078125 0.109375
1 0.82568359375 0.40673828125 0.0810546875 0.1025390625
1 0.8515625 0.396484375 0.078125 0.09765625
1 0.802734375 0.42041015625 0.08203125 0.0986328125
0 0.99169921875 0.59033203125 0.0166015625 0.0263671875
0 0.96142578125 0.53662109375 0.0400390625 0.0322265625
0 0.9892578125 0.2900390625 0.021484375 0.02734375
0 0.98779296875 0.26318359375 0.0244140625 0.0302734375
0 0.21142578125 0.95849609375 0.0478515625 0.0380859375
0 0.17333984375 0.91064453125 0.0380859375 0.0478515625
0 0.2529296875 0.9365234375 0.046875 0.0390625
0 0.07080078125 0.91259765625 0.0361328125 0.0478515625
0 0.0517578125 0.9267578125 0.037109375 0.046875
0 0.109375 0.939453125 0.037109375 0.04296875
0 0.1328125 0.9306640625 0.037109375 0.04296875
0 0.10986328125 0.978515625 0.0478515625 0.041015625
0 0.1923828125 0.939453125 0.04296875 0.033203125
0 0.169921875 0.974609375 0.044921875 0.037109375
0 0.2255859375 0.97802734375 0.048828125 0.0400390625
0 0.15185546875 0.9609375 0.0458984375 0.037109375
0 0.14892578125 0.91943359375 0.0341796875 0.0439453125
0 0.994140625 0.61328125 0.01171875 0.021484375
0 0.087890625 0.955078125 0.037109375 0.044921875
0 0.0693359375 0.96533203125 0.037109375 0.0458984375
0 0.048828125 0.974609375 0.037109375 0.048828125
0 0.0302734375 0.9375 0.03515625 0.044921875
1 0.78515625 0.4326171875 0.05859375 0.068359375
0 0.88330078125 0.19140625 0.0400390625 0.048828125
0 0.19384765625 0.84716796875 0.0400390625 0.0478515625
0 0.09912109375 0.853515625 0.0439453125 0.0390625
0 0.02978515625 0.93701171875 0.0361328125 0.0458984375
0 0.17333984375 0.90966796875 0.0341796875 0.0458984375
0 0.14892578125 0.91796875 0.0341796875 0.04296875
0 0.19482421875 0.90234375 0.0380859375 0.048828125
0 0.21435546875 0.8935546875 0.0361328125 0.044921875
0 0.234375 0.88134765625 0.037109375 0.0439453125
0 0.73095703125 0.8310546875 0.0615234375 0.046875
0 0.96240234375 0.53662109375 0.0400390625 0.0322265625
0 0.8955078125 0.37060546875 0.037109375 0.0341796875
0 0.9306640625 0.228515625 0.01953125 0.0390625
0 0.18798828125 0.8125 0.0478515625 0.037109375
0 0.5751953125 0.19677734375 0.044921875 0.0302734375
0 0.916015625 0.40576171875 0.060546875 0.0400390625
0 0.90478515625 0.177734375 0.0361328125 0.04296875
0 0.6591796875 0.12060546875 0.03515625 0.0458984375
0 0.71728515625 0.087890625 0.0400390625 0.048828125
1 0.81005859375 0.240234375 0.0478515625 0.05859375
1 0.974609375 0.08740234375 0.05078125 0.0947265625
1 0.9638671875 0.10498046875 0.072265625 0.0966796875
1 0.94677734375 0.13818359375 0.0732421875 0.0810546875
1 0.71435546875 0.4755859375 0.1337890625 0.103515625
1 0.72802734375 0.50146484375 0.1494140625 0.1064453125
0 0.1416015625 0.82666015625 0.046875 0.0361328125
0 0.17724609375 0.791015625 0.0478515625 0.037109375
0 0.169921875 0.85595703125 0.03515625 0.0458984375
0 0.10986328125 0.94091796875 0.0341796875 0.0419921875
0 0.13134765625 0.931640625 0.0380859375 0.044921875
0 0.1494140625 0.865234375 0.0390625 0.048828125
0 0.130859375 0.8779296875 0.0390625 0.05078125
0 0.1103515625 0.88916015625 0.0390625 0.0498046875
0 0.09130859375 0.90283203125 0.0380859375 0.0498046875
0 0.07080078125 0.912109375 0.0380859375 0.048828125
0 0.05126953125 0.92431640625 0.0361328125 0.0458984375
0 0.240234375 0.9169921875 0.044921875 0.0390625
0 0.25390625 0.93603515625 0.044921875 0.0380859375
0 0.1923828125 0.939453125 0.044921875 0.03515625
