1 0.54931640625 0.318359375 0.0517578125 0.037109375
1 0.462890625 0.35693359375 0.03515625 0.0458984375
0 0.443359375 0.3642578125 0.02734375 0.03515625
0 0.982421875 0.296875 0.0234375 0.044921875
1 0.97265625 0.1787109375 0.041015625 0.01953125
1 0.96875 0.16015625 0.037109375 0.021484375
1 0.962890625 0.14208984375 0.0390625 0.0205078125
1 0.96142578125 0.1220703125 0.0419921875 0.021484375
1 0.939453125 0.83837890625 0.048828125 0.0283203125
0 0.94921875 0.8017578125 0.037109375 0.0234375
0 0.93359375 0.88134765625 0.03515625 0.0224609375
0 0.92333984375 0.916015625 0.0380859375 0.0234375
1 0.41064453125 0.7275390625 0.0478515625 0.0625
1 0.40869140625 0.8564453125 0.0380859375 0.048828125
1 0.44140625 0.98779296875 0.025390625 0.0244140625
1 0.326171875 0.986328125 0.048828125 0.02734375
