0 0.55029296875 0.02294921875 0.0400390625 0.0283203125
0 0.513671875 0.03857421875 0.041015625 0.0302734375
0 0.55908203125 0.0751953125 0.0380859375 0.029296875
0 0.5224609375 0.08935546875 0.041015625 0.0302734375
0 0.38720703125 0.09130859375 0.0419921875 0.0302734375
0 0.43994140625 0.125 0.0439453125 0.033203125
0 0.40087890625 0.1416015625 0.0439453125 0.03125
0 0.36279296875 0.1591796875 0.0419921875 0.029296875
0 0.3251953125 0.17431640625 0.03515625 0.0283203125
0 0.0771484375 0.046875 0.029296875 0.041015625
0 0.1484375 0.099609375 0.029296875 0.041015625
0 0.11328125 0.134765625 0.029296875 0.041015625
0 0.13623046875 0.19384765625 0.0283203125 0.0380859375
0 0.21337890625 0.26025390625 0.0283203125 0.0380859375
0 0.24462890625 0.33984375 0.0302734375 0.0390625
0 0.22705078125 0.29736328125 0.0283203125 0.0380859375
0 0.208984375 0.3623046875 0.03515625 0.052734375
0 0.32958984375 0.115234375 0.0361328125 0.025390625
0 0.12744140625 0.04345703125 0.0244140625 0.0322265625
0 0.6357421875 0.04052734375 0.04296875 0.0302734375
1 0.15966796875 0.248046875 0.0380859375 0.052734375
0 0.09716796875 0.09716796875 0.0302734375 0.0400390625
