0 0.82373046875 0.3173828125 0.0361328125 0.05078125
1 0.66015625 0.3525390625 0.03125 0.087890625
1 0.79052734375 0.2763671875 0.0986328125 0.03515625
1 0.69384765625 0.28515625 0.0888671875 0.03515625
1 0.68505859375 0.25537109375 0.1005859375 0.0361328125
1 0.7900390625 0.2451171875 0.107421875 0.0390625
1 0.18896484375 0.208984375 0.0341796875 0.060546875
1 0.21728515625 0.2109375 0.0302734375 0.072265625
1 0.30810546875 0.19775390625 0.0322265625 0.0791015625
1 0.3681640625 0.1953125 0.0390625 0.076171875
1 0.33935546875 0.1953125 0.0439453125 0.11328125
1 0.39892578125 0.1875 0.0341796875 0.0859375
1 0.42822265625 0.18505859375 0.0341796875 0.0869140625
1 0.486328125 0.18701171875 0.0390625 0.1005859375
1 0.51513671875 0.18359375 0.0361328125 0.0703125
1 0.544921875 0.16796875 0.029296875 0.083984375
1 0.57421875 0.1708984375 0.037109375 0.09765625
1 0.60302734375 0.1533203125 0.0322265625 0.08984375
1 0.63134765625 0.1494140625 0.0439453125 0.091796875
1 0.6611328125 0.1533203125 0.029296875 0.0625
1 0.6875 0.1474609375 0.0390625 0.08203125
1 0.71484375 0.1396484375 0.037109375 0.08203125
1 0.74365234375 0.140625 0.0419921875 0.08984375
1 0.60009765625 0.2880859375 0.0966796875 0.03125
1 0.63037109375 0.3515625 0.0341796875 0.095703125
0 0.787109375 0.32080078125 0.029296875 0.0458984375
1 0.5986328125 0.35693359375 0.03125 0.0986328125
0 0.76318359375 0.3203125 0.0244140625 0.041015625
0 0.7392578125 0.32568359375 0.0234375 0.0498046875
0 0.716796875 0.33447265625 0.0234375 0.0400390625
0 0.8115234375 0.400390625 0.056640625 0.029296875
0 0.798828125 0.5859375 0.05078125 0.029296875
0 0.650390625 0.4208984375 0.046875 0.025390625
0 0.35693359375 0.64892578125 0.0498046875 0.0283203125
0 0.259765625 0.64892578125 0.0234375 0.0458984375
1 0.349609375 0.57470703125 0.0546875 0.0322265625
1 0.27392578125 0.5693359375 0.0283203125 0.068359375
1 0.3623046875 0.4541015625 0.07421875 0.03515625
1 0.21533203125 0.39013671875 0.0869140625 0.0322265625
1 0.232421875 0.31640625 0.115234375 0.04296875
1 0.333984375 0.3046875 0.0703125 0.03515625
1 0.4111328125 0.296875 0.076171875 0.03125
1 0.3115234375 0.34130859375 0.076171875 0.0341796875
1 0.34521484375 0.369140625 0.1123046875 0.048828125
1 0.3994140625 0.38671875 0.115234375 0.044921875
1 0.4287109375 0.353515625 0.064453125 0.037109375
1 0.396484375 0.32568359375 0.099609375 0.0380859375
1 0.56787109375 0.3583984375 0.0322265625 0.087890625
1 0.7705078125 0.1357421875 0.037109375 0.0625
