1 0.2109375 0.26806640625 0.15234375 0.0673828125
0 0.35205078125 0.255859375 0.0439453125 0.025390625
0 0.39306640625 0.4599609375 0.0380859375 0.02734375
0 0.4072265625 0.52001953125 0.037109375 0.0244140625
0 0.39990234375 0.49169921875 0.0380859375 0.0244140625
0 0.47802734375 0.7841796875 0.0419921875 0.02734375
0 0.74951171875 0.107421875 0.0400390625 0.0390625
0 0.60986328125 0.048828125 0.0302734375 0.044921875
0 0.35107421875 0.2568359375 0.0458984375 0.025390625
0 0.45703125 0.22314453125 0.02734375 0.0400390625
0 0.47998046875 0.23095703125 0.0205078125 0.0439453125
0 0.505859375 0.21875 0.0390625 0.05859375
0 0.517578125 0.17333984375 0.029296875 0.0419921875
0 0.56201171875 0.166015625 0.0341796875 0.0546875
0 0.65625 0.0361328125 0.025390625 0.04296875
