1 0.97998046875 0.44287109375 0.0400390625 0.0869140625
0 0.0205078125 0.4306640625 0.0390625 0.041015625
0 0.13916015625 0.06298828125 0.0419921875 0.0439453125
1 0.15771484375 0.6083984375 0.0986328125 0.09375
1 0.27197265625 0.6484375 0.0439453125 0.095703125
1 0.18017578125 0.66455078125 0.0908203125 0.0810546875
0 0.197265625 0.6171875 0.046875 0.046875
0 0.1728515625 0.7080078125 0.05078125 0.048828125
1 0.2099609375 0.70263671875 0.083984375 0.0771484375
1 0.27783203125 0.8466796875 0.0830078125 0.09375
1 0.93603515625 0.4150390625 0.0751953125 0.0859375
1 0.40673828125 0.87255859375 0.0869140625 0.0947265625
1 0.5166015625 0.85693359375 0.083984375 0.0908203125
1 0.3330078125 0.08056640625 0.083984375 0.0771484375
0 0.712890625 0.654296875 0.05859375 0.052734375
0 0.68212890625 0.625 0.0400390625 0.0390625
0 0.671875 0.6064453125 0.046875 0.04296875
0 0.65478515625 0.591796875 0.0634765625 0.056640625
0 0.64208984375 0.5751953125 0.0537109375 0.048828125
0 0.62548828125 0.5625 0.0498046875 0.046875
0 0.6171875 0.54052734375 0.056640625 0.0517578125
0 0.5224609375 0.29736328125 0.03515625 0.0537109375
0 0.6640625 0.19384765625 0.048828125 0.0419921875
0 0.67578125 0.20947265625 0.048828125 0.0419921875
0 0.685546875 0.2294921875 0.041015625 0.03515625
0 0.69775390625 0.24560546875 0.0439453125 0.0400390625
0 0.71240234375 0.2626953125 0.0517578125 0.04296875
1 0.82421875 0.3583984375 0.06640625 0.08984375
1 0.90283203125 0.40234375 0.0634765625 0.087890625
1 0.96484375 0.4306640625 0.0703125 0.087890625
0 0.69873046875 0.63671875 0.0537109375 0.046875
0 0.72802734375 0.6708984375 0.0595703125 0.052734375
0 0.7431640625 0.68798828125 0.048828125 0.0419921875
1 0.72802734375 0.943359375 0.0888671875 0.08203125
1 0.744140625 0.92333984375 0.083984375 0.0791015625
1 0.7646484375 0.90380859375 0.09375 0.0849609375
1 0.85302734375 0.91943359375 0.0986328125 0.0908203125
0 0.7392578125 0.83154296875 0.037109375 0.0380859375
0 0.71923828125 0.82177734375 0.0400390625 0.0400390625
0 0.6953125 0.841796875 0.04296875 0.0390625
0 0.70166015625 0.80322265625 0.0556640625 0.0517578125
0 0.82177734375 0.78662109375 0.0537109375 0.0576171875
0 0.79541015625 0.75048828125 0.0576171875 0.0556640625
0 0.7822265625 0.73388671875 0.044921875 0.0439453125
0 0.75634765625 0.7041015625 0.0595703125 0.052734375
