0 0.740234375 0.5849609375 0.041015625 0.03515625
0 0.59033203125 0.28759765625 0.0341796875 0.0185546875
0 0.55224609375 0.32861328125 0.0361328125 0.0166015625
0 0.55322265625 0.34716796875 0.0361328125 0.0166015625
0 0.6025390625 0.4453125 0.03515625 0.01953125
0 0.6875 0.04638671875 0.025390625 0.0400390625
0 0.7060546875 0.05908203125 0.025390625 0.0419921875
0 0.7314453125 0.0576171875 0.03515625 0.0390625
0 0.748046875 0.07421875 0.0390625 0.041015625
0 0.7626953125 0.08935546875 0.0390625 0.0400390625
0 0.78369140625 0.09765625 0.0400390625 0.04296875
0 0.6611328125 0.12060546875 0.01953125 0.0400390625
0 0.66845703125 0.15673828125 0.0361328125 0.0185546875
0 0.6748046875 0.21435546875 0.04296875 0.0205078125
0 0.67919921875 0.25244140625 0.0419921875 0.0205078125
0 0.8037109375 0.13427734375 0.04296875 0.0361328125
0 0.814453125 0.15478515625 0.037109375 0.0283203125
0 0.8232421875 0.173828125 0.0390625 0.025390625
0 0.8232421875 0.201171875 0.037109375 0.021484375
0 0.685546875 0.36962890625 0.037109375 0.0185546875
0 0.68310546875 0.40869140625 0.0419921875 0.0205078125
0 0.685546875 0.46484375 0.037109375 0.01953125
0 0.5869140625 0.267578125 0.037109375 0.021484375
0 0.546875 0.27099609375 0.044921875 0.0224609375
0 0.58837890625 0.208984375 0.0400390625 0.01953125
0 0.57763671875 0.06201171875 0.0341796875 0.0185546875
0 0.70751953125 0.005859375 0.0361328125 0.009765625
0 0.775390625 0.02099609375 0.041015625 0.0341796875
0 0.8427734375 0.087890625 0.033203125 0.041015625
0 0.533203125 0.0224609375 0.03515625 0.01953125
0 0.57470703125 0.0185546875 0.0380859375 0.017578125
0 0.533203125 0.041015625 0.037109375 0.01953125
0 0.57421875 0.037109375 0.041015625 0.01953125
0 0.53857421875 0.0625 0.0419921875 0.0234375
0 0.541015625 0.08251953125 0.037109375 0.0185546875
0 0.5478515625 0.21435546875 0.037109375 0.0185546875
0 0.57958984375 0.0830078125 0.0361328125 0.01953125
0 0.58154296875 0.10400390625 0.0439453125 0.0224609375
0 0.5400390625 0.10595703125 0.03515625 0.0185546875
0 0.58203125 0.12548828125 0.0390625 0.0224609375
0 0.58154296875 0.14794921875 0.0341796875 0.0185546875
0 0.54736328125 0.14990234375 0.0361328125 0.0185546875
0 0.5478515625 0.16943359375 0.037109375 0.0205078125
0 0.58154296875 0.1669921875 0.0341796875 0.017578125
0 0.5830078125 0.18603515625 0.037109375 0.0205078125
0 0.7861328125 0.4912109375 0.0390625 0.03125
0 0.796875 0.68212890625 0.03125 0.0400390625
0 0.4462890625 0.56787109375 0.041015625 0.0205078125
0 0.76416015625 0.740234375 0.0361328125 0.046875
0 0.212890625 0.63232421875 0.0390625 0.0615234375
0 0.947265625 0.21142578125 0.033203125 0.0400390625
0 0.96630859375 0.0966796875 0.0419921875 0.03125
0 0.9716796875 0.1201171875 0.0390625 0.02734375
0 0.97802734375 0.140625 0.0400390625 0.029296875
0 0.2978515625 0.81640625 0.033203125 0.041015625
0 0.6875 0.85595703125 0.041015625 0.0439453125
0 0.75146484375 0.83740234375 0.0341796875 0.0185546875
0 0.634765625 0.921875 0.029296875 0.03515625
0 0.56982421875 0.9208984375 0.0419921875 0.041015625
0 0.5576171875 0.8681640625 0.037109375 0.0390625
0 0.49560546875 0.94140625 0.0322265625 0.037109375
0 0.37109375 0.9267578125 0.04296875 0.04296875
0 0.3447265625 0.89599609375 0.033203125 0.0380859375
0 0.31640625 0.8525390625 0.03515625 0.041015625
0 0.35107421875 0.94873046875 0.0458984375 0.0439453125
0 0.3232421875 0.91943359375 0.03515625 0.0400390625
0 0.29443359375 0.8798828125 0.0341796875 0.041015625
0 0.24951171875 0.7880859375 0.0322265625 0.041015625
0 0.2294921875 0.82958984375 0.033203125 0.0439453125
0 0.25146484375 0.90234375 0.0224609375 0.0390625
1 0.0546875 0.74169921875 0.033203125 0.0712890625
1 0.01611328125 0.76611328125 0.0302734375 0.1083984375
0 0.224609375 0.43701171875 0.048828125 0.0361328125
0 0.0751953125 0.0908203125 0.037109375 0.017578125
0 0.0380859375 0.05322265625 0.04296875 0.0205078125
0 0.041015625 0.07421875 0.0390625 0.021484375
0 0.0771484375 0.11181640625 0.03515625 0.0205078125
0 0.43359375 0.396484375 0.041015625 0.021484375
0 0.1572265625 0.0458984375 0.04296875 0.01953125
0 0.34130859375 0.28369140625 0.0400390625 0.0205078125
0 0.263671875 0.29052734375 0.01953125 0.0380859375
0 0.18359375 0.37060546875 0.0390625 0.0341796875
0 0.4111328125 0.02880859375 0.041015625 0.0185546875
0 0.4541015625 0.0263671875 0.033203125 0.017578125
0 0.4501953125 0.046875 0.0390625 0.017578125
0 0.41455078125 0.07373046875 0.0419921875 0.0224609375
0 0.451171875 0.07177734375 0.037109375 0.0205078125
0 0.4541015625 0.09423828125 0.04296875 0.0205078125
0 0.45458984375 0.1142578125 0.0439453125 0.021484375
0 0.41357421875 0.11376953125 0.0439453125 0.0224609375
0 0.38134765625 0.16552734375 0.0205078125 0.0419921875
0 0.45849609375 0.1962890625 0.0361328125 0.01953125
0 0.42138671875 0.19775390625 0.0400390625 0.0205078125
0 0.41943359375 0.21923828125 0.0419921875 0.0185546875
0 0.46044921875 0.24267578125 0.0341796875 0.0205078125
0 0.42431640625 0.25830078125 0.0400390625 0.0185546875
0 0.46728515625 0.27685546875 0.0400390625 0.0224609375
0 0.47021484375 0.33154296875 0.0439453125 0.0263671875
0 0.43017578125 0.35546875 0.0380859375 0.017578125
0 0.466796875 0.37353515625 0.0390625 0.0205078125
0 0.30126953125 0.28662109375 0.0400390625 0.0205078125
0 0.33447265625 0.2236328125 0.0341796875 0.017578125
0 0.29345703125 0.1845703125 0.0400390625 0.021484375
0 0.01806640625 0.22802734375 0.0341796875 0.0458984375
0 0.15869140625 0.06640625 0.0361328125 0.017578125
0 0.16162109375 0.08642578125 0.0419921875 0.0205078125
0 0.1669921875 0.1083984375 0.03515625 0.017578125
0 0.16650390625 0.12841796875 0.0380859375 0.0185546875
0 0.20263671875 0.06298828125 0.0400390625 0.0185546875
0 0.2021484375 0.0439453125 0.0390625 0.01953125
0 0.23779296875 0.05322265625 0.0205078125 0.0400390625
0 0.2822265625 0.03759765625 0.033203125 0.0185546875
0 0.10205078125 0.28271484375 0.0341796875 0.0361328125
0 0.3330078125 0.154296875 0.0390625 0.01953125
0 0.193359375 0.15087890625 0.041015625 0.0185546875
0 0.2099609375 0.2099609375 0.041015625 0.01953125
0 0.22802734375 0.2314453125 0.0380859375 0.01953125
0 0.208984375 0.25439453125 0.041015625 0.0224609375
0 0.32177734375 0.037109375 0.0361328125 0.01953125
0 0.32763671875 0.05908203125 0.0419921875 0.0224609375
0 0.287109375 0.080078125 0.041015625 0.021484375
0 0.32763671875 0.0986328125 0.0380859375 0.01953125
0 0.28759765625 0.123046875 0.0341796875 0.021484375
