1 0.41015625 0.56591796875 0.076171875 0.0947265625
1 0.2353515625 0.0361328125 0.0390625 0.0703125
1 0.3671875 0.404296875 0.05859375 0.048828125
1 0.39208984375 0.50634765625 0.0595703125 0.0693359375
1 0.396484375 0.53955078125 0.05078125 0.0576171875
1 0.44775390625 0.55810546875 0.0654296875 0.0869140625
1 0.3515625 0.73388671875 0.05078125 0.0634765625
1 0.361328125 0.81298828125 0.04296875 0.0673828125
1 0.3046875 0.84423828125 0.060546875 0.0751953125
1 0.27734375 0.8388671875 0.0625 0.076171875
