0 0.02099609375 0.08349609375 0.0400390625 0.0400390625
0 0.0400390625 0.060546875 0.044921875 0.04296875
0 0.06494140625 0.03564453125 0.0400390625 0.0419921875
0 0.21240234375 0.052734375 0.0556640625 0.0546875
0 0.26806640625 0.08740234375 0.0439453125 0.0400390625
0 0.30810546875 0.11669921875 0.0380859375 0.0361328125
0 0.38818359375 0.18359375 0.0439453125 0.04296875
0 0.33935546875 0.14599609375 0.0458984375 0.0419921875
0 0.17236328125 0.123046875 0.0439453125 0.041015625
0 0.138671875 0.09521484375 0.046875 0.0419921875
0 0.15673828125 0.13916015625 0.0478515625 0.0419921875
0 0.1220703125 0.10888671875 0.04296875 0.0380859375
0 0.14501953125 0.1572265625 0.0400390625 0.037109375
0 0.09423828125 0.142578125 0.0498046875 0.041015625
0 0.12939453125 0.1708984375 0.0439453125 0.0390625
0 0.08154296875 0.162109375 0.0419921875 0.041015625
0 0.11376953125 0.1845703125 0.0380859375 0.037109375
0 0.07080078125 0.18212890625 0.0439453125 0.0400390625
0 0.24267578125 0.18115234375 0.0419921875 0.0419921875
0 0.42138671875 0.40625 0.0458984375 0.046875
0 0.45458984375 0.375 0.0439453125 0.04296875
0 0.32177734375 0.37451171875 0.0419921875 0.0400390625
0 0.3359375 0.35791015625 0.04296875 0.0419921875
0 0.31787109375 0.3125 0.0458984375 0.044921875
0 0.34716796875 0.28076171875 0.0478515625 0.0439453125
0 0.36279296875 0.3212890625 0.0400390625 0.041015625
0 0.38037109375 0.30908203125 0.0419921875 0.0439453125
0 0.9755859375 0.45703125 0.04296875 0.041015625
0 0.7255859375 0.71923828125 0.04296875 0.0439453125
0 0.7421875 0.705078125 0.04296875 0.044921875
0 0.7763671875 0.67578125 0.046875 0.044921875
0 0.947265625 0.96044921875 0.041015625 0.0380859375
0 0.68896484375 0.98779296875 0.0498046875 0.0244140625
0 0.4345703125 0.388671875 0.044921875 0.041015625
0 0.40625 0.423828125 0.04296875 0.04296875
0 0.50048828125 0.41796875 0.0439453125 0.04296875
0 0.63037109375 0.6298828125 0.0439453125 0.041015625
0 0.64306640625 0.6103515625 0.0400390625 0.041015625
0 0.6572265625 0.59326171875 0.044921875 0.0439453125
0 0.67333984375 0.578125 0.0439453125 0.04296875
0 0.6904296875 0.5595703125 0.04296875 0.037109375
0 0.4375 0.6884765625 0.0546875 0.05078125
0 0.45703125 0.6728515625 0.046875 0.044921875
0 0.47119140625 0.65576171875 0.0380859375 0.0380859375
0 0.5029296875 0.62548828125 0.041015625 0.0419921875
0 0.52734375 0.58935546875 0.041015625 0.0400390625
0 0.5576171875 0.5615234375 0.041015625 0.041015625
0 0.58935546875 0.53076171875 0.0458984375 0.0458984375
0 0.60302734375 0.5146484375 0.0439453125 0.04296875
0 0.6201171875 0.50146484375 0.037109375 0.0361328125
0 0.5703125 0.484375 0.048828125 0.041015625
0 0.587890625 0.46875 0.046875 0.041015625
0 0.482421875 0.57763671875 0.041015625 0.0419921875
0 0.3291015625 0.4990234375 0.044921875 0.04296875
0 0.396484375 0.53076171875 0.041015625 0.0419921875
0 0.4375 0.48486328125 0.044921875 0.0439453125
0 0.4560546875 0.47021484375 0.05078125 0.0498046875
0 0.46923828125 0.45068359375 0.0439453125 0.0419921875
0 0.4873046875 0.4375 0.0390625 0.041015625
0 0.6015625 0.662109375 0.044921875 0.04296875
0 0.68505859375 0.7587890625 0.0341796875 0.046875
0 0.64013671875 0.76953125 0.0341796875 0.048828125
0 0.10302734375 0.20703125 0.0400390625 0.0390625
0 0.05419921875 0.1962890625 0.0458984375 0.04296875
0 0.08642578125 0.224609375 0.0419921875 0.0390625
0 0.06982421875 0.23681640625 0.0439453125 0.0419921875
0 0.03564453125 0.20849609375 0.0458984375 0.0419921875
0 0.060546875 0.26025390625 0.041015625 0.0380859375
0 0.02197265625 0.22265625 0.0419921875 0.041015625
0 0.015625 0.24267578125 0.029296875 0.0458984375
0 0.03125 0.296875 0.046875 0.044921875
0 0.01025390625 0.26904296875 0.0185546875 0.0322265625
0 0.015625 0.31103515625 0.029296875 0.0341796875
0 0.2763671875 0.2138671875 0.04296875 0.041015625
0 0.23095703125 0.205078125 0.0458984375 0.044921875
0 0.2626953125 0.23291015625 0.041015625 0.0400390625
0 0.2158203125 0.21826171875 0.0390625 0.0380859375
0 0.5615234375 0.7998046875 0.037109375 0.052734375
0 0.1953125 0.23095703125 0.03515625 0.0361328125
0 0.1806640625 0.25048828125 0.04296875 0.0419921875
0 0.24560546875 0.24951171875 0.0419921875 0.0419921875
0 0.21337890625 0.28125 0.0419921875 0.0390625
0 0.17236328125 0.47265625 0.0419921875 0.044921875
0 0.220703125 0.4873046875 0.041015625 0.041015625
0 0.2333984375 0.47119140625 0.041015625 0.0400390625
0 0.2802734375 0.42236328125 0.044921875 0.0439453125
1 0.123046875 0.99609375 0.087890625 0.0078125
0 0.42822265625 0.2216796875 0.0439453125 0.04296875
0 0.46875 0.25927734375 0.04296875 0.0439453125
0 0.32421875 0.76123046875 0.041015625 0.0419921875
0 0.34033203125 0.8837890625 0.0302734375 0.04296875
0 0.3623046875 0.88037109375 0.029296875 0.0380859375
0 0.40087890625 0.859375 0.0341796875 0.048828125
0 0.48193359375 0.83056640625 0.0302734375 0.0478515625
0 0.52001953125 0.8173828125 0.0341796875 0.046875
0 0.30322265625 0.53076171875 0.0419921875 0.0419921875
0 0.0224609375 0.6455078125 0.04296875 0.04296875
0 0.16357421875 0.28955078125 0.0458984375 0.0419921875
0 0.14111328125 0.3017578125 0.0439453125 0.04296875
0 0.10888671875 0.33642578125 0.0458984375 0.0439453125
0 0.134765625 0.37841796875 0.046875 0.0419921875
0 0.02099609375 0.49462890625 0.0400390625 0.0400390625
0 0.01904296875 0.43115234375 0.0380859375 0.0341796875
0 0.06689453125 0.44384765625 0.0439453125 0.0419921875
0 0.02734375 0.62158203125 0.0390625 0.0400390625
0 0.259765625 0.91162109375 0.029296875 0.0439453125
0 0.080078125 0.58056640625 0.052734375 0.0498046875
0 0.1279296875 0.59375 0.05078125 0.046875
0 0.1064453125 0.5439453125 0.044921875 0.04296875
0 0.2109375 0.57958984375 0.044921875 0.0302734375
0 0.166015625 0.6826171875 0.04296875 0.041015625
0 0.14208984375 0.7705078125 0.0458984375 0.0390625
0 0.29296875 0.6435546875 0.041015625 0.037109375
0 0.2109375 0.90283203125 0.044921875 0.0458984375
1 0.16943359375 0.83984375 0.0791015625 0.078125
