2 0.74609375 0.79541015625 0.09375 0.0693359375
2 0.74072265625 0.96728515625 0.0810546875 0.0654296875
2 0.74072265625 0.884765625 0.0830078125 0.076171875
2 0.74609375 0.7080078125 0.08203125 0.068359375
2 0.75341796875 0.6181640625 0.0966796875 0.072265625
2 0.75 0.52783203125 0.1015625 0.0673828125
2 0.52392578125 0.68408203125 0.0966796875 0.0751953125
2 0.5166015625 0.8603515625 0.09765625 0.07421875
2 0.51416015625 0.998046875 0.0888671875 0.00390625
2 0.14599609375 0.8681640625 0.0947265625 0.080078125
2 0.140625 0.97119140625 0.09765625 0.0576171875
2 0.15087890625 0.76025390625 0.0947265625 0.0732421875
2 0.1494140625 0.58544921875 0.09375 0.0771484375
2 0.1552734375 0.5029296875 0.072265625 0.068359375
2 0.15966796875 0.42138671875 0.0927734375 0.0751953125
