4 0.77197265625 0.44091796875 0.0380859375 0.1337890625
4 0.8349609375 0.49169921875 0.0234375 0.0517578125
4 0.91748046875 0.4326171875 0.0361328125 0.115234375
4 0.96435546875 0.42578125 0.0322265625 0.109375
4 0.99658203125 0.43212890625 0.0068359375 0.1318359375
4 0.59033203125 0.44384765625 0.0361328125 0.1318359375
4 0.98681640625 0.28125 0.0263671875 0.10546875
4 0.8623046875 0.28662109375 0.0390625 0.0869140625
4 0.81982421875 0.28759765625 0.0400390625 0.0966796875
4 0.67529296875 0.28955078125 0.0380859375 0.1123046875
4 0.3955078125 0.3037109375 0.037109375 0.107421875
4 0.3046875 0.298828125 0.037109375 0.115234375
4 0.2626953125 0.30859375 0.0390625 0.1015625
4 0.7236328125 0.44189453125 0.03125 0.1162109375
4 0.54248046875 0.4599609375 0.0478515625 0.146484375
4 0.12451171875 0.31494140625 0.0322265625 0.1044921875
4 0.71923828125 0.294921875 0.0302734375 0.087890625
4 0.0556640625 0.0478515625 0.037109375 0.09375
4 0.11376953125 0.05078125 0.0380859375 0.099609375
4 0.263671875 0.037109375 0.033203125 0.072265625
4 0.94873046875 0.2958984375 0.0244140625 0.0625
4 0.62841796875 0.29736328125 0.0419921875 0.0966796875
4 0.37255859375 0.517578125 0.0166015625 0.029296875
4 0.58056640625 0.29833984375 0.0322265625 0.1064453125
4 0.537109375 0.3046875 0.033203125 0.09765625
4 0.48681640625 0.30126953125 0.0283203125 0.0849609375
4 0.35107421875 0.30712890625 0.0341796875 0.1044921875
4 0.21044921875 0.31201171875 0.0400390625 0.1064453125
4 0.064453125 0.3974609375 0.0390625 0.15625
4 0.1298828125 0.462890625 0.03515625 0.11328125
4 0.35498046875 0.46533203125 0.0380859375 0.1337890625
4 0.1630859375 0.31787109375 0.03515625 0.1064453125
4 0.21923828125 0.46435546875 0.0419921875 0.1416015625
5 0.50048828125 0.8359375 0.9990234375 0.197265625
5 0.54150390625 0.37451171875 0.9169921875 0.2763671875
4 0.31103515625 0.45849609375 0.0419921875 0.1337890625
4 0.2099609375 0.8359375 0.037109375 0.091796875
4 0.453125 0.44580078125 0.0390625 0.1240234375
4 0.6337890625 0.43603515625 0.046875 0.1357421875
4 0.875 0.43359375 0.044921875 0.142578125
4 0.63427734375 0.80615234375 0.0341796875 0.1279296875
4 0.69091796875 0.82421875 0.0458984375 0.087890625
4 0.55322265625 0.81884765625 0.0361328125 0.1064453125
4 0.3046875 0.83984375 0.02734375 0.0859375
4 0.47119140625 0.8330078125 0.0341796875 0.08984375
4 0.9296875 0.7724609375 0.021484375 0.048828125
4 0.1572265625 0.83203125 0.037109375 0.109375
4 0.251953125 0.8369140625 0.033203125 0.08984375
4 0.392578125 0.8330078125 0.0390625 0.099609375
4 0.82080078125 0.7802734375 0.0244140625 0.046875
4 0.85302734375 0.78125 0.0244140625 0.0546875
4 0.974609375 0.009765625 0.025390625 0.017578125
4 0.90283203125 0.0146484375 0.0302734375 0.02734375
4 0.80810546875 0.0283203125 0.0341796875 0.0546875
4 0.76513671875 0.02783203125 0.0263671875 0.0537109375
4 0.72265625 0.0302734375 0.037109375 0.05859375
4 0.638671875 0.03857421875 0.033203125 0.0751953125
4 0.51171875 0.03662109375 0.037109375 0.0712890625
4 0.38232421875 0.0400390625 0.0380859375 0.078125
4 0.427734375 0.04248046875 0.0390625 0.0830078125
4 0.34130859375 0.04541015625 0.0361328125 0.0888671875
4 0.68017578125 0.0400390625 0.0322265625 0.078125
4 0.59228515625 0.04052734375 0.0361328125 0.0791015625
4 0.2197265625 0.04541015625 0.041015625 0.0888671875
4 0.302734375 0.04052734375 0.03125 0.0791015625
4 0.26416015625 0.08251953125 0.0283203125 0.0185546875
4 0.4697265625 0.03515625 0.033203125 0.068359375
