4 0.77197265625 0.41748046875 0.0380859375 0.1337890625
4 0.8349609375 0.46826171875 0.0234375 0.0517578125
4 0.91748046875 0.4091796875 0.0361328125 0.115234375
4 0.96435546875 0.40234375 0.0322265625 0.109375
4 0.99658203125 0.40869140625 0.0068359375 0.1318359375
4 0.59033203125 0.42041015625 0.0361328125 0.1318359375
4 0.98681640625 0.2578125 0.0263671875 0.10546875
4 0.8623046875 0.26318359375 0.0390625 0.0869140625
4 0.81982421875 0.26416015625 0.0400390625 0.0966796875
4 0.67529296875 0.26611328125 0.0380859375 0.1123046875
4 0.3955078125 0.2802734375 0.037109375 0.107421875
4 0.3046875 0.275390625 0.037109375 0.115234375
4 0.2626953125 0.28515625 0.0390625 0.1015625
4 0.7236328125 0.41845703125 0.03125 0.1162109375
4 0.54248046875 0.4365234375 0.0478515625 0.146484375
4 0.12451171875 0.29150390625 0.0322265625 0.1044921875
4 0.71923828125 0.271484375 0.0302734375 0.087890625
4 0.0556640625 0.0361328125 0.037109375 0.0703125
4 0.11376953125 0.0390625 0.0380859375 0.076171875
4 0.263671875 0.025390625 0.033203125 0.048828125
4 0.94873046875 0.2724609375 0.0244140625 0.0625
4 0.62841796875 0.27392578125 0.0419921875 0.0966796875
4 0.37255859375 0.494140625 0.0166015625 0.029296875
4 0.58056640625 0.27490234375 0.0322265625 0.1064453125
4 0.537109375 0.28125 0.033203125 0.09765625
4 0.48681640625 0.27783203125 0.0283203125 0.0849609375
4 0.35107421875 0.28369140625 0.0341796875 0.1044921875
4 0.21044921875 0.28857421875 0.0400390625 0.1064453125
4 0.064453125 0.3740234375 0.0390625 0.15625
4 0.1298828125 0.439453125 0.03515625 0.11328125
4 0.35498046875 0.44189453125 0.0380859375 0.1337890625
4 0.1630859375 0.29443359375 0.03515625 0.1064453125
4 0.21923828125 0.44091796875 0.0419921875 0.1416015625
5 0.50048828125 0.8125 0.9990234375 0.197265625
5 0.54150390625 0.35107421875 0.9169921875 0.2763671875
4 0.31103515625 0.43505859375 0.0419921875 0.1337890625
4 0.2099609375 0.8125 0.037109375 0.091796875
4 0.453125 0.42236328125 0.0390625 0.1240234375
4 0.6337890625 0.41259765625 0.046875 0.1357421875
4 0.875 0.41015625 0.044921875 0.142578125
4 0.63427734375 0.78271484375 0.0341796875 0.1279296875
4 0.69091796875 0.80078125 0.0458984375 0.087890625
4 0.55322265625 0.79541015625 0.0361328125 0.1064453125
4 0.3046875 0.81640625 0.02734375 0.0859375
4 0.47119140625 0.8095703125 0.0341796875 0.08984375
4 0.9296875 0.7490234375 0.021484375 0.048828125
4 0.1572265625 0.80859375 0.037109375 0.109375
4 0.251953125 0.8134765625 0.033203125 0.08984375
4 0.392578125 0.8095703125 0.0390625 0.099609375
4 0.82080078125 0.7568359375 0.0244140625 0.046875
4 0.85302734375 0.7578125 0.0244140625 0.0546875
4 0.9033203125 0.0029296875 0.029296875 0.00390625
4 0.80810546875 0.0166015625 0.0341796875 0.03125
4 0.76513671875 0.01611328125 0.0263671875 0.0302734375
4 0.72265625 0.0185546875 0.037109375 0.03515625
4 0.638671875 0.02685546875 0.033203125 0.0517578125
4 0.51171875 0.02490234375 0.037109375 0.0478515625
4 0.38232421875 0.0283203125 0.0380859375 0.0546875
4 0.427734375 0.03076171875 0.0390625 0.0595703125
4 0.34130859375 0.03369140625 0.0361328125 0.0654296875
4 0.68115234375 0.0283203125 0.0302734375 0.0546875
4 0.59228515625 0.02880859375 0.0361328125 0.0556640625
4 0.22021484375 0.03369140625 0.0400390625 0.0654296875
4 0.30322265625 0.02880859375 0.0302734375 0.0556640625
4 0.26416015625 0.05908203125 0.0283203125 0.0185546875
4 0.47021484375 0.0234375 0.0322265625 0.044921875
