2 0.669921875 0.837890625 0.10546875 0.109375
2 0.22119140625 0.3955078125 0.1103515625 0.115234375
2 0.6728515625 0.43017578125 0.07421875 0.0810546875
2 0.76708984375 0.42333984375 0.1064453125 0.1220703125
2 0.9677734375 0.466796875 0.064453125 0.123046875
2 0.7646484375 0.25 0.107421875 0.0703125
2 0.9833984375 0.71630859375 0.033203125 0.0751953125
2 0.49365234375 0.42333984375 0.0732421875 0.0947265625
2 0.3984375 0.40771484375 0.103515625 0.1123046875
2 0.021484375 0.228515625 0.041015625 0.052734375
