2 0.61767578125 0.91015625 0.0810546875 0.09375
2 0.71142578125 0.91455078125 0.1044921875 0.1123046875
2 0.78662109375 0.91455078125 0.0693359375 0.0869140625
2 0.86865234375 0.921875 0.0791015625 0.095703125
2 0.947265625 0.9609375 0.07421875 0.078125
2 0.44873046875 0.90185546875 0.0634765625 0.0751953125
2 0.52783203125 0.90771484375 0.0693359375 0.0732421875
2 0.36328125 0.89990234375 0.072265625 0.0869140625
2 0.34228515625 0.25048828125 0.0595703125 0.0712890625
2 0.42138671875 0.2529296875 0.0634765625 0.076171875
2 0.81640625 0.36767578125 0.08203125 0.0849609375
2 0.7333984375 0.26416015625 0.06640625 0.0771484375
2 0.60009765625 0.4384765625 0.0791015625 0.06640625
2 0.64013671875 0.55419921875 0.1123046875 0.0966796875
2 0.91015625 0.55517578125 0.07421875 0.0751953125
2 0.29150390625 0.67578125 0.0771484375 0.080078125
2 0.37158203125 0.67724609375 0.0751953125 0.0712890625
2 0.45263671875 0.68212890625 0.0751953125 0.0732421875
2 0.5361328125 0.68359375 0.0703125 0.064453125
2 0.720703125 0.69384765625 0.07421875 0.0712890625
2 0.8046875 0.68701171875 0.068359375 0.0751953125
2 0.94873046875 0.70068359375 0.1025390625 0.1123046875
2 0.2587890625 0.24658203125 0.064453125 0.0751953125
