2 0.28662109375 0.9873046875 0.1259765625 0.025390625
2 0.2783203125 0.90625 0.125 0.115234375
2 0.28564453125 0.779296875 0.1396484375 0.1171875
2 0.2783203125 0.65576171875 0.134765625 0.1201171875
2 0.673828125 0.8173828125 0.083984375 0.076171875
2 0.65966796875 0.62841796875 0.1513671875 0.1513671875
2 0.703125 0.52392578125 0.166015625 0.1494140625
2 0.35546875 0.46435546875 0.09375 0.0908203125
2 0.66259765625 0.3125 0.1787109375 0.169921875
2 0.658203125 0.08544921875 0.10546875 0.1044921875
2 0.5458984375 0.04296875 0.107421875 0.072265625
2 0.24169921875 0.03857421875 0.0810546875 0.0673828125
