2 0.00341796875 0.0068359375 0.0048828125 0.01171875
2 0.4189453125 0.01513671875 0.076171875 0.0283203125
2 0.5009765625 0.021484375 0.078125 0.041015625
2 0.60498046875 0.02099609375 0.0751953125 0.0400390625
2 0.69091796875 0.0234375 0.0751953125 0.044921875
2 0.77392578125 0.0224609375 0.0712890625 0.04296875
2 0.89453125 0.0244140625 0.056640625 0.046875
2 0.96728515625 0.02490234375 0.0654296875 0.0478515625
2 0.7783203125 0.98291015625 0.08203125 0.0341796875
2 0.9833984375 0.92919921875 0.033203125 0.0517578125
2 0.98193359375 0.9755859375 0.0361328125 0.048828125
2 0.9609375 0.3017578125 0.0546875 0.0703125
2 0.892578125 0.56103515625 0.083984375 0.0888671875
2 0.82666015625 0.291015625 0.0517578125 0.0703125
2 0.7626953125 0.28955078125 0.05078125 0.0673828125
2 0.6845703125 0.2958984375 0.07421875 0.09765625
2 0.5810546875 0.29345703125 0.076171875 0.0947265625
2 0.47607421875 0.43359375 0.0810546875 0.1015625
2 0.65185546875 0.576171875 0.0771484375 0.0703125
2 0.44921875 0.57177734375 0.06640625 0.0537109375
2 0.30224609375 0.72265625 0.0341796875 0.0390625
2 0.06298828125 0.25927734375 0.1240234375 0.1435546875
