8 0.47412109375 0.54296875 0.0419921875 0.021484375
8 0.4736328125 0.51513671875 0.041015625 0.0224609375
8 0.34326171875 0.544921875 0.0419921875 0.087890625
8 0.29150390625 0.5439453125 0.0439453125 0.0859375
8 0.34375 0.412109375 0.04296875 0.0859375
8 0.29248046875 0.41259765625 0.0439453125 0.0869140625
8 0.20654296875 0.41162109375 0.0439453125 0.0888671875
8 0.46826171875 0.2685546875 0.0439453125 0.08984375
8 0.4169921875 0.26904296875 0.044921875 0.0869140625
8 0.35205078125 0.2685546875 0.0419921875 0.087890625
8 0.30029296875 0.26953125 0.0439453125 0.087890625
8 0.24853515625 0.26904296875 0.0419921875 0.0869140625
8 0.19677734375 0.26953125 0.0439453125 0.087890625
8 0.1435546875 0.27001953125 0.044921875 0.0869140625
