8 0.43212890625 0.25 0.0263671875 0.048828125
8 0.2978515625 0.35009765625 0.025390625 0.0478515625
8 0.37646484375 0.2548828125 0.0244140625 0.048828125
8 0.4052734375 0.25341796875 0.025390625 0.0478515625
8 0.3486328125 0.25634765625 0.025390625 0.0478515625
8 0.32080078125 0.25830078125 0.0244140625 0.0478515625
8 0.29248046875 0.2607421875 0.0244140625 0.046875
10 0.30810546875 0.4765625 0.0712890625 0.0703125
7 0.5654296875 0.7294921875 0.201171875 0.240234375
7 0.45703125 0.5546875 0.23046875 0.15625
10 0.5048828125 0.4462890625 0.056640625 0.060546875
8 0.3251953125 0.3486328125 0.025390625 0.046875
