0 0.4609375 0.55029296875 0.037109375 0.0185546875
0 0.54345703125 0.35791015625 0.0166015625 0.0224609375
0 0.548828125 0.3818359375 0.015625 0.025390625
0 0.4140625 0.41162109375 0.013671875 0.0224609375
0 0.42529296875 0.40771484375 0.0126953125 0.0224609375
0 0.43603515625 0.404296875 0.0146484375 0.025390625
0 0.5546875 0.408203125 0.015625 0.025390625
0 0.5595703125 0.43408203125 0.015625 0.0263671875
0 0.5703125 0.4765625 0.013671875 0.01953125
0 0.49267578125 0.544921875 0.0263671875 0.017578125
0 0.404296875 0.36083984375 0.013671875 0.0224609375
0 0.5458984375 0.328125 0.013671875 0.021484375
0 0.5576171875 0.330078125 0.01171875 0.0234375
0 0.58203125 0.37353515625 0.01953125 0.0146484375
0 0.6025390625 0.37109375 0.021484375 0.015625
0 0.6015625 0.38232421875 0.021484375 0.0166015625
0 0.5849609375 0.3876953125 0.021484375 0.015625
0 0.6064453125 0.39453125 0.0234375 0.015625
0 0.58740234375 0.39794921875 0.0205078125 0.0166015625
0 0.4150390625 0.3583984375 0.013671875 0.021484375
0 0.3837890625 0.36669921875 0.015625 0.0244140625
0 0.587890625 0.41015625 0.0234375 0.015625
0 0.54296875 0.2314453125 0.013671875 0.021484375
0 0.35302734375 0.2724609375 0.0126953125 0.0234375
0 0.3642578125 0.27001953125 0.013671875 0.0244140625
0 0.40966796875 0.259765625 0.0146484375 0.025390625
0 0.421875 0.2568359375 0.013671875 0.021484375
0 0.431640625 0.25439453125 0.013671875 0.0224609375
0 0.4423828125 0.2509765625 0.013671875 0.0234375
0 0.45263671875 0.2470703125 0.0146484375 0.021484375
0 0.4765625 0.24951171875 0.013671875 0.0244140625
0 0.56494140625 0.22900390625 0.0146484375 0.0205078125
0 0.3740234375 0.36865234375 0.01171875 0.0224609375
0 0.34423828125 0.34814453125 0.0224609375 0.0146484375
0 0.3642578125 0.34228515625 0.021484375 0.0146484375
0 0.38525390625 0.33642578125 0.0205078125 0.0146484375
0 0.41015625 0.33203125 0.021484375 0.015625
0 0.32275390625 0.38134765625 0.0146484375 0.0224609375
0 0.34228515625 0.375 0.0126953125 0.01953125
0 0.353515625 0.3740234375 0.01171875 0.021484375
0 0.36279296875 0.3720703125 0.0146484375 0.0234375
0 0.60791015625 0.40673828125 0.0224609375 0.0166015625
0 0.58935546875 0.42041015625 0.0205078125 0.0146484375
0 0.62255859375 0.33349609375 0.0205078125 0.0146484375
0 0.75732421875 0.21630859375 0.0263671875 0.0126953125
0 0.79345703125 0.20849609375 0.0224609375 0.0146484375
0 0.81787109375 0.2041015625 0.0205078125 0.013671875
0 0.81005859375 0.17626953125 0.0146484375 0.0205078125
0 0.81982421875 0.17431640625 0.0126953125 0.0224609375
0 0.79345703125 0.2861328125 0.0166015625 0.025390625
0 0.80419921875 0.2841796875 0.0146484375 0.0234375
0 0.81689453125 0.2822265625 0.0185546875 0.025390625
0 0.63623046875 0.3056640625 0.0146484375 0.0234375
0 0.68701171875 0.2294921875 0.0244140625 0.015625
0 0.63330078125 0.35986328125 0.0146484375 0.0244140625
0 0.638671875 0.380859375 0.013671875 0.01953125
0 0.64404296875 0.40234375 0.0126953125 0.021484375
0 0.65087890625 0.4453125 0.0126953125 0.01953125
0 0.6552734375 0.46533203125 0.01171875 0.0185546875
0 0.66064453125 0.48828125 0.0146484375 0.0234375
0 0.63330078125 0.5302734375 0.0185546875 0.015625
0 0.63134765625 0.51806640625 0.0224609375 0.0166015625
0 0.70947265625 0.2255859375 0.0205078125 0.013671875
0 0.6455078125 0.2119140625 0.013671875 0.025390625
0 0.6123046875 0.4287109375 0.021484375 0.015625
0 0.60546875 0.47607421875 0.021484375 0.0166015625
0 0.60888671875 0.41650390625 0.0224609375 0.0166015625
0 0.59326171875 0.431640625 0.0224609375 0.017578125
0 0.61376953125 0.439453125 0.0224609375 0.017578125
0 0.59130859375 0.44189453125 0.0205078125 0.0146484375
0 0.59912109375 0.45556640625 0.0244140625 0.0166015625
0 0.62109375 0.4619140625 0.01953125 0.015625
0 0.603515625 0.46728515625 0.01953125 0.0146484375
0 0.62353515625 0.48388671875 0.0205078125 0.0166015625
0 0.60791015625 0.48828125 0.0244140625 0.015625
0 0.72412109375 0.30517578125 0.0107421875 0.0205078125
0 0.62744140625 0.49609375 0.0205078125 0.015625
0 0.609375 0.50048828125 0.021484375 0.0166015625
0 0.6103515625 0.5107421875 0.01953125 0.015625
0 0.61328125 0.5224609375 0.0234375 0.017578125
0 0.61572265625 0.53369140625 0.0205078125 0.0166015625
0 0.61767578125 0.54443359375 0.0224609375 0.0185546875
0 0.62451171875 0.59130859375 0.0205078125 0.0146484375
0 0.63134765625 0.50634765625 0.0205078125 0.0146484375
0 0.3427734375 0.27783203125 0.013671875 0.0244140625
0 0.3291015625 0.2802734375 0.013671875 0.0234375
0 0.20751953125 0.4541015625 0.0126953125 0.021484375
1 0.99560546875 0.9931640625 0.0087890625 0.013671875
1 0.7998046875 0.78955078125 0.0625 0.0263671875
1 0.80908203125 0.8193359375 0.0654296875 0.02734375
1 0.8134765625 0.849609375 0.0625 0.029296875
1 0.81640625 0.8642578125 0.0625 0.02734375
1 0.83251953125 0.93701171875 0.0634765625 0.0244140625
1 0.8310546875 0.92236328125 0.064453125 0.0263671875
1 0.83642578125 0.953125 0.0634765625 0.02734375
1 0.50537109375 0.71826171875 0.0732421875 0.0283203125
1 0.9892578125 0.82470703125 0.021484375 0.0205078125
1 0.9853515625 0.81005859375 0.029296875 0.0224609375
1 0.98388671875 0.79296875 0.0322265625 0.0234375
1 0.70361328125 0.61865234375 0.0244140625 0.0537109375
1 0.7509765625 0.63330078125 0.0234375 0.0439453125
1 0.76904296875 0.63623046875 0.0244140625 0.0458984375
1 0.478515625 0.59375 0.0703125 0.02734375
1 0.5263671875 0.810546875 0.07421875 0.029296875
0 0.1884765625 0.45654296875 0.013671875 0.0224609375
1 0.19384765625 0.994140625 0.0166015625 0.01171875
1 0.267578125 0.67529296875 0.060546875 0.0263671875
1 0.2724609375 0.6904296875 0.060546875 0.029296875
1 0.2880859375 0.765625 0.060546875 0.02734375
1 0.291015625 0.7822265625 0.060546875 0.025390625
1 0.3017578125 0.828125 0.0625 0.02734375
1 0.30078125 0.859375 0.0703125 0.02734375
1 0.16455078125 0.849609375 0.0244140625 0.060546875
1 0.185546875 0.9453125 0.02734375 0.072265625
1 0.3095703125 0.94921875 0.068359375 0.029296875
1 0.68212890625 0.8017578125 0.0693359375 0.041015625
1 0.31787109375 0.98291015625 0.0673828125 0.0283203125
1 0.59765625 0.986328125 0.072265625 0.02734375
1 0.56591796875 0.89306640625 0.0712890625 0.0263671875
1 0.708984375 0.90966796875 0.068359375 0.0400390625
1 0.70166015625 0.8857421875 0.0712890625 0.041015625
1 0.6923828125 0.84619140625 0.06640625 0.0439453125
1 0.6875 0.82421875 0.068359375 0.04296875
1 0.818359375 0.615234375 0.029296875 0.06640625
1 0.833984375 0.6181640625 0.029296875 0.0625
1 0.9873046875 0.56396484375 0.025390625 0.0712890625
0 0.1884765625 0.41162109375 0.015625 0.0224609375
0 0.28271484375 0.2880859375 0.0146484375 0.0234375
0 0.29443359375 0.2861328125 0.0146484375 0.021484375
0 0.30615234375 0.283203125 0.0146484375 0.0234375
0 0.17138671875 0.38525390625 0.0224609375 0.0146484375
0 0.10693359375 0.43017578125 0.0166015625 0.0244140625
0 0.11572265625 0.4267578125 0.0146484375 0.021484375
0 0.126953125 0.423828125 0.013671875 0.0234375
0 0.15771484375 0.41650390625 0.0166015625 0.0244140625
0 0.19873046875 0.408203125 0.0146484375 0.021484375
0 0.20849609375 0.40478515625 0.0146484375 0.0224609375
0 0.2802734375 0.388671875 0.015625 0.025390625
0 0.29150390625 0.38720703125 0.0146484375 0.0244140625
0 0.30224609375 0.384765625 0.0146484375 0.025390625
0 0.1171875 0.47509765625 0.015625 0.0263671875
0 0.12841796875 0.47509765625 0.0146484375 0.0205078125
0 0.1591796875 0.46728515625 0.013671875 0.0224609375
0 0.1689453125 0.46435546875 0.013671875 0.0244140625
0 0.27197265625 0.29150390625 0.0146484375 0.0244140625
0 0.26123046875 0.29296875 0.0126953125 0.0234375
0 0.23828125 0.2939453125 0.01171875 0.01953125
1 0.94482421875 0.35400390625 0.0263671875 0.0712890625
0 0.669921875 0.52978515625 0.015625 0.0224609375
0 0.6357421875 0.5419921875 0.01953125 0.015625
0 0.640625 0.55322265625 0.01953125 0.0146484375
0 0.67529296875 0.5517578125 0.0126953125 0.01953125
0 0.85498046875 0.1953125 0.0205078125 0.015625
0 0.69775390625 0.708984375 0.0146484375 0.021484375
0 0.830078125 0.1748046875 0.013671875 0.0234375
0 0.83935546875 0.171875 0.0126953125 0.01953125
0 0.86181640625 0.16748046875 0.0126953125 0.0224609375
0 0.8720703125 0.16455078125 0.013671875 0.0224609375
0 0.83642578125 0.2001953125 0.0205078125 0.013671875
0 0.8779296875 0.189453125 0.0234375 0.015625
0 0.67724609375 0.7158203125 0.0126953125 0.01953125
0 0.90283203125 0.18359375 0.0185546875 0.013671875
0 0.92431640625 0.1796875 0.0166015625 0.013671875
0 0.94677734375 0.1748046875 0.0205078125 0.013671875
0 0.98876953125 0.1650390625 0.0224609375 0.015625
0 0.88330078125 0.158203125 0.0146484375 0.0234375
0 0.89453125 0.15673828125 0.013671875 0.0224609375
0 0.9052734375 0.15869140625 0.013671875 0.0244140625
0 0.91650390625 0.154296875 0.0126953125 0.0234375
0 0.68701171875 0.712890625 0.0126953125 0.021484375
0 0.6669921875 0.716796875 0.013671875 0.0234375
0 0.65576171875 0.62109375 0.0224609375 0.017578125
0 0.642578125 0.564453125 0.021484375 0.017578125
0 0.62451171875 0.56787109375 0.0224609375 0.0166015625
0 0.623046875 0.5556640625 0.01953125 0.015625
0 0.67919921875 0.57275390625 0.0126953125 0.0224609375
0 0.64697265625 0.5859375 0.0205078125 0.015625
0 0.6259765625 0.5810546875 0.01953125 0.013671875
0 0.6474609375 0.59765625 0.021484375 0.015625
0 0.6328125 0.6044921875 0.021484375 0.015625
0 0.68701171875 0.61474609375 0.0146484375 0.0244140625
0 0.6474609375 0.7236328125 0.013671875 0.025390625
0 0.63623046875 0.625 0.0224609375 0.017578125
0 0.5986328125 0.61181640625 0.013671875 0.0224609375
0 0.6025390625 0.634765625 0.013671875 0.0234375
0 0.640625 0.64794921875 0.0234375 0.0166015625
0 0.642578125 0.66064453125 0.0234375 0.0185546875
0 0.609375 0.6650390625 0.015625 0.02734375
0 0.61474609375 0.68994140625 0.0146484375 0.0263671875
0 0.63720703125 0.71923828125 0.0126953125 0.0263671875
0 0.92724609375 0.15185546875 0.0126953125 0.0224609375
0 0.9375 0.14794921875 0.013671875 0.0224609375
0 0.94775390625 0.14599609375 0.0146484375 0.0244140625
0 0.9794921875 0.7001953125 0.0390625 0.0234375
0 0.84423828125 0.50244140625 0.0126953125 0.0224609375
0 0.85595703125 0.50341796875 0.0107421875 0.0224609375
0 0.8681640625 0.5 0.013671875 0.025390625
0 0.94482421875 0.66064453125 0.0361328125 0.0224609375
0 0.9755859375 0.669921875 0.037109375 0.021484375
0 0.9375 0.6796875 0.0390625 0.0234375
0 0.953125 0.6904296875 0.037109375 0.021484375
0 0.98291015625 0.71435546875 0.0341796875 0.0224609375
0 0.95751953125 0.13916015625 0.0146484375 0.0244140625
0 0.98583984375 0.73046875 0.0283203125 0.0234375
0 0.98779296875 0.31396484375 0.0224609375 0.0146484375
0 0.9677734375 0.13623046875 0.013671875 0.0244140625
0 0.98779296875 0.212890625 0.0224609375 0.017578125
0 0.98681640625 0.2333984375 0.0244140625 0.015625
1 0.2470703125 0.57568359375 0.060546875 0.0283203125
