10 0.14990234375 0.06298828125 0.2001953125 0.1240234375
8 0.70947265625 0.28564453125 0.0751953125 0.0986328125
8 0.66015625 0.30517578125 0.07421875 0.1005859375
8 0.6220703125 0.17626953125 0.07421875 0.1005859375
8 0.56884765625 0.287109375 0.0751953125 0.099609375
8 0.51953125 0.306640625 0.076171875 0.1015625
8 0.4267578125 0.2880859375 0.07421875 0.1015625
8 0.376953125 0.30859375 0.076171875 0.099609375
8 0.5400390625 0.15234375 0.076171875 0.1015625
8 0.25 0.28662109375 0.07421875 0.1005859375
8 0.20068359375 0.30615234375 0.0732421875 0.1005859375
8 0.107421875 0.28564453125 0.07421875 0.1005859375
8 0.0576171875 0.3056640625 0.07421875 0.099609375
