4 0.2548828125 0.5087890625 0.021484375 0.0078125
4 0.25537109375 0.5830078125 0.0205078125 0.0078125
4 0.255859375 0.57275390625 0.0234375 0.0087890625
4 0.228515625 0.57373046875 0.025390625 0.0087890625
4 0.22900390625 0.56298828125 0.0263671875 0.0087890625
4 0.2548828125 0.55224609375 0.021484375 0.0087890625
4 0.22998046875 0.5517578125 0.0224609375 0.009765625
4 0.22802734375 0.541015625 0.0263671875 0.009765625
4 0.25634765625 0.54150390625 0.0244140625 0.0087890625
4 0.25634765625 0.53076171875 0.0244140625 0.0087890625
4 0.22900390625 0.53076171875 0.0244140625 0.0087890625
4 0.22900390625 0.51953125 0.0244140625 0.009765625
4 0.22802734375 0.50927734375 0.0263671875 0.0087890625
4 0.25537109375 0.498046875 0.0224609375 0.0078125
4 0.22607421875 0.44384765625 0.0283203125 0.0107421875
4 0.22802734375 0.4990234375 0.0263671875 0.009765625
4 0.25341796875 0.48779296875 0.0205078125 0.0087890625
4 0.228515625 0.48681640625 0.021484375 0.0107421875
4 0.228515625 0.47705078125 0.021484375 0.0087890625
4 0.25537109375 0.4765625 0.0205078125 0.009765625
4 0.25390625 0.4658203125 0.01953125 0.0078125
4 0.224609375 0.46728515625 0.03125 0.0087890625
4 0.22705078125 0.455078125 0.0244140625 0.009765625
4 0.25390625 0.45556640625 0.01953125 0.0087890625
4 0.2978515625 0.447265625 0.015625 0.0078125
4 0.298828125 0.43701171875 0.017578125 0.0087890625
4 0.30908203125 0.42578125 0.0283203125 0.009765625
4 0.23095703125 0.58447265625 0.0244140625 0.0107421875
4 0.2568359375 0.59375 0.0234375 0.0078125
4 0.25537109375 0.603515625 0.0205078125 0.005859375
4 0.2314453125 0.5947265625 0.0234375 0.009765625
4 0.32177734375 0.560546875 0.0185546875 0.0078125
4 0.32275390625 0.55126953125 0.0205078125 0.0087890625
4 0.30224609375 0.55126953125 0.0185546875 0.0087890625
4 0.3203125 0.5419921875 0.017578125 0.0078125
4 0.30126953125 0.5419921875 0.0166015625 0.0078125
4 0.30126953125 0.53271484375 0.0185546875 0.0107421875
4 0.31982421875 0.53173828125 0.0205078125 0.0087890625
4 0.31982421875 0.52197265625 0.0205078125 0.0068359375
4 0.30029296875 0.52294921875 0.0166015625 0.0087890625
4 0.32080078125 0.5126953125 0.0205078125 0.0078125
4 0.2998046875 0.51416015625 0.01953125 0.0087890625
4 0.31982421875 0.50341796875 0.0205078125 0.0068359375
4 0.30126953125 0.50341796875 0.0146484375 0.0068359375
4 0.3203125 0.49462890625 0.01953125 0.0068359375
4 0.30078125 0.4951171875 0.015625 0.0078125
4 0.3203125 0.48486328125 0.01953125 0.0087890625
4 0.298828125 0.48486328125 0.01953125 0.0087890625
4 0.3193359375 0.47412109375 0.01953125 0.0068359375
4 0.29931640625 0.474609375 0.0185546875 0.0078125
4 0.3193359375 0.46484375 0.01953125 0.009765625
4 0.298828125 0.46630859375 0.017578125 0.0087890625
4 0.31982421875 0.455078125 0.0185546875 0.0078125
4 0.298828125 0.4560546875 0.017578125 0.0078125
4 0.22998046875 0.6162109375 0.0244140625 0.01171875
4 0.22998046875 0.6044921875 0.0263671875 0.009765625
4 0.25341796875 0.44482421875 0.0224609375 0.0087890625
4 0.25341796875 0.43505859375 0.0205078125 0.0068359375
4 0.2529296875 0.4248046875 0.025390625 0.009765625
4 0.24560546875 0.30712890625 0.0107421875 0.0185546875
4 0.25146484375 0.29931640625 0.0107421875 0.0166015625
4 0.25732421875 0.31640625 0.0126953125 0.01953125
4 0.2421875 0.22509765625 0.01171875 0.0205078125
4 0.2236328125 0.23388671875 0.0078125 0.0166015625
4 0.22998046875 0.22802734375 0.0107421875 0.0205078125
4 0.19873046875 0.10400390625 0.0107421875 0.0205078125
4 0.18212890625 0.02587890625 0.0068359375 0.0126953125
4 0.2744140625 0.0087890625 0.017578125 0.015625
4 0.2294921875 0.00341796875 0.01171875 0.0048828125
4 0.01318359375 0.001953125 0.0087890625 0.001953125
5 0.009765625 0.00439453125 0.017578125 0.0068359375
5 0.07373046875 0.84228515625 0.1455078125 0.0595703125
5 0.0634765625 0.78125 0.125 0.048828125
5 0.05859375 0.72607421875 0.115234375 0.0380859375
5 0.078125 0.65283203125 0.080078125 0.0556640625
5 0.4951171875 0.5908203125 0.09765625 0.033203125
5 0.51611328125 0.517578125 0.1259765625 0.060546875
5 0.5087890625 0.43994140625 0.205078125 0.0712890625
5 0.41650390625 0.53173828125 0.0322265625 0.1591796875
5 0.3662109375 0.517578125 0.041015625 0.193359375
5 0.3095703125 0.5146484375 0.044921875 0.19140625
5 0.2392578125 0.5244140625 0.056640625 0.216796875
5 0.05078125 0.53564453125 0.099609375 0.0439453125
5 0.04833984375 0.48779296875 0.0947265625 0.0419921875
5 0.033203125 0.44287109375 0.064453125 0.0400390625
5 0.03271484375 0.3896484375 0.0634765625 0.044921875
5 0.2880859375 0.29541015625 0.091796875 0.0654296875
5 0.26806640625 0.22705078125 0.0888671875 0.0517578125
5 0.03759765625 0.3369140625 0.0732421875 0.046875
5 0.03271484375 0.2890625 0.0634765625 0.03125
5 0.0322265625 0.23779296875 0.052734375 0.0986328125
5 0.26513671875 0.16162109375 0.0791015625 0.0283203125
5 0.2705078125 0.11474609375 0.072265625 0.0380859375
5 0.3115234375 0.02734375 0.072265625 0.052734375
5 0.01123046875 0.04248046875 0.0205078125 0.0498046875
4 0.083984375 0.8515625 0.009765625 0.021484375
4 0.1376953125 0.84326171875 0.01171875 0.0322265625
4 0.125 0.85400390625 0.009765625 0.0244140625
4 0.11376953125 0.85302734375 0.0087890625 0.0244140625
4 0.10400390625 0.85302734375 0.0107421875 0.0244140625
4 0.09375 0.853515625 0.009765625 0.025390625
4 0.07373046875 0.85107421875 0.0107421875 0.0224609375
4 0.07763671875 0.7900390625 0.0087890625 0.021484375
4 0.06494140625 0.85009765625 0.0107421875 0.0224609375
4 0.05615234375 0.84814453125 0.0087890625 0.0224609375
4 0.04638671875 0.84716796875 0.0068359375 0.0185546875
4 0.02294921875 0.8486328125 0.0087890625 0.021484375
4 0.03857421875 0.84765625 0.0107421875 0.01953125
4 0.01220703125 0.84814453125 0.0107421875 0.0224609375
4 0.02783203125 0.78857421875 0.0087890625 0.0205078125
4 0.03955078125 0.7880859375 0.0068359375 0.01953125
4 0.048828125 0.7880859375 0.005859375 0.017578125
4 0.05859375 0.78662109375 0.0078125 0.0166015625
4 0.06787109375 0.78857421875 0.0087890625 0.0185546875
4 0.10693359375 0.79150390625 0.0087890625 0.0205078125
4 0.08837890625 0.79052734375 0.0087890625 0.0205078125
4 0.044921875 0.66943359375 0.009765625 0.0224609375
4 0.0380859375 0.2099609375 0.01953125 0.009765625
4 0.046875 0.267578125 0.01953125 0.01171875
4 0.02490234375 0.2705078125 0.0205078125 0.01171875
4 0.04443359375 0.25830078125 0.0224609375 0.0107421875
4 0.0205078125 0.2548828125 0.021484375 0.009765625
4 0.0439453125 0.248046875 0.021484375 0.009765625
4 0.02197265625 0.24609375 0.0185546875 0.009765625
4 0.02001953125 0.23779296875 0.0185546875 0.0107421875
4 0.04248046875 0.23828125 0.0205078125 0.01171875
4 0.0419921875 0.22900390625 0.021484375 0.0107421875
4 0.01806640625 0.22900390625 0.0185546875 0.0107421875
4 0.0185546875 0.2197265625 0.017578125 0.009765625
4 0.0400390625 0.2197265625 0.01953125 0.009765625
4 0.03759765625 0.19873046875 0.0205078125 0.0107421875
4 0.07568359375 0.6650390625 0.0087890625 0.01953125
4 0.01611328125 0.2119140625 0.0185546875 0.009765625
4 0.01318359375 0.05029296875 0.0087890625 0.0322265625
4 0.00390625 0.0576171875 0.005859375 0.029296875
4 0.0263671875 0.279296875 0.017578125 0.009765625
4 0.0283203125 0.2939453125 0.0078125 0.015625
4 0.0361328125 0.29248046875 0.0078125 0.0166015625
4 0.04296875 0.29248046875 0.005859375 0.0166015625
4 0.0390625 0.54296875 0.009765625 0.01953125
4 0.0029296875 0.4619140625 0.00390625 0.009765625
4 0.0537109375 0.43603515625 0.0078125 0.0166015625
4 0.03857421875 0.4423828125 0.0087890625 0.021484375
4 0.03125 0.44482421875 0.009765625 0.0205078125
4 0.0234375 0.4453125 0.01171875 0.01953125
4 0.0107421875 0.4443359375 0.01171875 0.0234375
4 0.119140625 0.78271484375 0.009765625 0.0263671875
4 0.109375 0.72119140625 0.009765625 0.0244140625
4 0.095703125 0.666015625 0.01171875 0.02734375
4 0.0859375 0.66748046875 0.01171875 0.0263671875
4 0.1044921875 0.6357421875 0.013671875 0.02734375
4 0.091796875 0.63720703125 0.01171875 0.0244140625
4 0.080078125 0.6376953125 0.009765625 0.025390625
4 0.09326171875 0.529296875 0.0107421875 0.029296875
4 0.0654296875 0.326171875 0.01171875 0.0234375
4 0.0869140625 0.4814453125 0.013671875 0.025390625
4 0.0625 0.48046875 0.017578125 0.01171875
4 0.0029296875 0.4892578125 0.00390625 0.0078125
4 0.06103515625 0.2900390625 0.0087890625 0.01953125
4 0.05029296875 0.29150390625 0.0068359375 0.0146484375
4 0.30126953125 0.5703125 0.0146484375 0.0078125
4 0.32177734375 0.57080078125 0.0205078125 0.0087890625
4 0.32080078125 0.580078125 0.0166015625 0.0078125
4 0.30224609375 0.580078125 0.0166015625 0.0078125
4 0.72998046875 0.416015625 0.0146484375 0.015625
4 0.73486328125 0.421875 0.0146484375 0.009765625
4 0.109375 0.76953125 0.005859375 0.017578125
4 0.087890625 0.828125 0.0078125 0.017578125
4 0.07958984375 0.8291015625 0.0068359375 0.015625
4 0.07177734375 0.82958984375 0.0068359375 0.0166015625
4 0.064453125 0.8271484375 0.0078125 0.017578125
4 0.05615234375 0.82861328125 0.0087890625 0.0166015625
4 0.04638671875 0.828125 0.0068359375 0.015625
4 0.03955078125 0.828125 0.0068359375 0.015625
4 0.0302734375 0.826171875 0.0078125 0.017578125
4 0.01953125 0.78759765625 0.005859375 0.0166015625
4 0.00927734375 0.7890625 0.0087890625 0.017578125
4 0.00244140625 0.78564453125 0.0029296875 0.0185546875
4 0.0966796875 0.78955078125 0.0078125 0.0185546875
4 0.1005859375 0.7705078125 0.005859375 0.013671875
4 0.07080078125 0.734375 0.0068359375 0.015625
4 0.0849609375 0.77099609375 0.005859375 0.0126953125
4 0.07666015625 0.7705078125 0.0068359375 0.013671875
4 0.06884765625 0.76904296875 0.0068359375 0.0166015625
4 0.06005859375 0.7685546875 0.0068359375 0.015625
4 0.04443359375 0.76953125 0.0068359375 0.013671875
4 0.03564453125 0.76806640625 0.0048828125 0.0146484375
4 0.02734375 0.76953125 0.005859375 0.013671875
4 0.0205078125 0.7685546875 0.0078125 0.013671875
4 0.01123046875 0.7685546875 0.0048828125 0.01171875
4 0.00341796875 0.76708984375 0.0068359375 0.0146484375
4 0.04345703125 0.734375 0.0068359375 0.015625
4 0.10302734375 0.830078125 0.0068359375 0.017578125
4 0.11181640625 0.83154296875 0.0068359375 0.0146484375
4 0.12060546875 0.8310546875 0.0048828125 0.015625
4 0.35986328125 0.546875 0.0146484375 0.0078125
4 0.3720703125 0.42578125 0.021484375 0.0078125
4 0.3720703125 0.43505859375 0.017578125 0.0087890625
4 0.35498046875 0.4375 0.0166015625 0.0078125
4 0.35595703125 0.4443359375 0.0126953125 0.005859375
4 0.37255859375 0.4462890625 0.0146484375 0.0078125
4 0.3564453125 0.4560546875 0.015625 0.0078125
4 0.37255859375 0.455078125 0.0146484375 0.0078125
4 0.3740234375 0.46435546875 0.017578125 0.0068359375
4 0.35595703125 0.46484375 0.0166015625 0.0078125
4 0.35595703125 0.47509765625 0.0166015625 0.0068359375
4 0.37451171875 0.474609375 0.0126953125 0.005859375
4 0.3564453125 0.48388671875 0.015625 0.0068359375
4 0.357421875 0.4931640625 0.013671875 0.0078125
4 0.3759765625 0.49072265625 0.017578125 0.0087890625
4 0.35791015625 0.50048828125 0.0166015625 0.0068359375
4 0.37646484375 0.5009765625 0.0166015625 0.0078125
4 0.375 0.50927734375 0.015625 0.0068359375
4 0.35888671875 0.51025390625 0.0146484375 0.0068359375
4 0.35888671875 0.51904296875 0.0185546875 0.0068359375
4 0.3759765625 0.51904296875 0.013671875 0.0068359375
4 0.37744140625 0.52783203125 0.0166015625 0.0068359375
4 0.35791015625 0.53662109375 0.0166015625 0.0068359375
4 0.37646484375 0.53564453125 0.0166015625 0.0068359375
4 0.37841796875 0.54638671875 0.0126953125 0.0068359375
4 0.06396484375 0.734375 0.0068359375 0.015625
4 0.09814453125 0.73388671875 0.0068359375 0.0146484375
4 0.376953125 0.55517578125 0.013671875 0.0068359375
4 0.02978515625 0.3466796875 0.0048828125 0.013671875
4 0.02294921875 0.34814453125 0.0068359375 0.0126953125
4 0.01611328125 0.3486328125 0.0068359375 0.013671875
4 0.00927734375 0.349609375 0.0068359375 0.013671875
4 0.361328125 0.5556640625 0.01171875 0.005859375
4 0.08740234375 0.71435546875 0.0068359375 0.0185546875
4 0.35986328125 0.5634765625 0.0166015625 0.0078125
4 0.37841796875 0.5634765625 0.0166015625 0.0078125
4 0.3779296875 0.572265625 0.013671875 0.0078125
4 0.35986328125 0.57275390625 0.0185546875 0.0087890625
4 0.361328125 0.58251953125 0.013671875 0.0068359375
4 0.3779296875 0.58154296875 0.015625 0.0087890625
4 0.3779296875 0.59033203125 0.017578125 0.0068359375
4 0.36181640625 0.59130859375 0.0126953125 0.0087890625
4 0.3583984375 0.60791015625 0.01171875 0.0068359375
4 0.32421875 0.59912109375 0.013671875 0.0068359375
4 0.30126953125 0.5908203125 0.0146484375 0.009765625
4 0.3212890625 0.58935546875 0.017578125 0.0068359375
4 0.05810546875 0.34326171875 0.0068359375 0.0126953125
4 0.0556640625 0.3251953125 0.005859375 0.017578125
4 0.04736328125 0.32666015625 0.0087890625 0.0185546875
4 0.0244140625 0.3291015625 0.0078125 0.017578125
4 0.0771484375 0.71484375 0.005859375 0.017578125
4 0.06982421875 0.71630859375 0.0068359375 0.0166015625
4 0.0625 0.66943359375 0.0078125 0.0146484375
4 0.0732421875 0.64208984375 0.0078125 0.0146484375
4 0.0595703125 0.64453125 0.009765625 0.017578125
4 0.0830078125 0.521484375 0.005859375 0.01171875
4 0.0732421875 0.5390625 0.009765625 0.017578125
4 0.00634765625 0.53173828125 0.0068359375 0.0146484375
4 0.02587890625 0.52587890625 0.0068359375 0.0146484375
4 0.0400390625 0.5244140625 0.0078125 0.015625
4 0.03662109375 0.37841796875 0.0068359375 0.0107421875
4 0.02880859375 0.37841796875 0.0048828125 0.0126953125
4 0.0234375 0.37841796875 0.005859375 0.0126953125
4 0.0107421875 0.37939453125 0.005859375 0.0126953125
4 0.00341796875 0.380859375 0.0068359375 0.015625
4 0.04150390625 0.38818359375 0.0166015625 0.0087890625
4 0.05712890625 0.37646484375 0.0068359375 0.0146484375
4 0.01025390625 0.33154296875 0.0087890625 0.0166015625
4 0.01806640625 0.33056640625 0.0087890625 0.0185546875
4 0.7197265625 0.447265625 0.017578125 0.017578125
4 0.716796875 0.4365234375 0.017578125 0.009765625
4 0.4453125 0.4306640625 0.01171875 0.021484375
4 0.41552734375 0.52880859375 0.0283203125 0.1455078125
4 0.5146484375 0.53173828125 0.009765625 0.0244140625
4 0.5361328125 0.53271484375 0.01171875 0.0263671875
4 0.52685546875 0.59130859375 0.0087890625 0.0166015625
4 0.505859375 0.591796875 0.009765625 0.021484375
4 0.49560546875 0.58837890625 0.0087890625 0.0185546875
4 0.48486328125 0.58837890625 0.0107421875 0.0283203125
4 0.474609375 0.58935546875 0.009765625 0.0263671875
4 0.4638671875 0.59033203125 0.009765625 0.0244140625
4 0.45361328125 0.5908203125 0.0107421875 0.0234375
4 0.64306640625 0.56884765625 0.0244140625 0.0185546875
4 0.61474609375 0.5966796875 0.0244140625 0.017578125
4 0.5859375 0.61767578125 0.029296875 0.0166015625
4 0.45556640625 0.4345703125 0.0146484375 0.025390625
4 0.50341796875 0.53076171875 0.0087890625 0.0224609375
4 0.49365234375 0.52978515625 0.0087890625 0.0205078125
4 0.4833984375 0.52880859375 0.0078125 0.0224609375
4 0.4716796875 0.5302734375 0.009765625 0.0234375
4 0.46435546875 0.4365234375 0.0146484375 0.025390625
4 0.48291015625 0.439453125 0.0126953125 0.01953125
4 0.4921875 0.4423828125 0.013671875 0.0234375
4 0.50146484375 0.4443359375 0.0126953125 0.0234375
4 0.5107421875 0.4443359375 0.0078125 0.017578125
4 0.51953125 0.44677734375 0.009765625 0.0185546875
4 0.5302734375 0.44873046875 0.009765625 0.0205078125
4 0.53857421875 0.44921875 0.0068359375 0.017578125
4 0.548828125 0.4501953125 0.0078125 0.017578125
4 0.5576171875 0.453125 0.009765625 0.01953125
4 0.5693359375 0.45458984375 0.005859375 0.0166015625
4 0.578125 0.45654296875 0.009765625 0.0205078125
4 0.58642578125 0.45703125 0.0087890625 0.017578125
4 0.642578125 0.4697265625 0.021484375 0.017578125
4 0.6015625 0.4619140625 0.0078125 0.01171875
4 0.5693359375 0.50830078125 0.005859375 0.0166015625
4 0.55859375 0.5068359375 0.0078125 0.021484375
4 0.548828125 0.50439453125 0.01171875 0.0283203125
4 0.53759765625 0.5029296875 0.0107421875 0.029296875
4 0.52685546875 0.50537109375 0.0087890625 0.0224609375
4 0.515625 0.50390625 0.0078125 0.025390625
4 0.5048828125 0.50634765625 0.0078125 0.0205078125
4 0.49365234375 0.50439453125 0.0087890625 0.0224609375
4 0.47314453125 0.5009765625 0.0126953125 0.029296875
4 0.46142578125 0.50244140625 0.0107421875 0.0263671875
