4 0.31689453125 0.83056640625 0.0166015625 0.0458984375
4 0.33935546875 0.83642578125 0.0166015625 0.0439453125
4 0.35791015625 0.837890625 0.0205078125 0.044921875
4 0.37841796875 0.83740234375 0.0146484375 0.0498046875
4 0.39794921875 0.841796875 0.0244140625 0.044921875
4 0.4228515625 0.84814453125 0.021484375 0.0400390625
4 0.2998046875 0.82763671875 0.0234375 0.0517578125
4 0.27734375 0.82666015625 0.0234375 0.0498046875
4 0.25927734375 0.826171875 0.0185546875 0.044921875
4 0.2373046875 0.8232421875 0.0234375 0.048828125
4 0.30712890625 0.70654296875 0.0185546875 0.0322265625
4 0.32275390625 0.71142578125 0.0185546875 0.0341796875
4 0.33642578125 0.71533203125 0.0205078125 0.0341796875
4 0.3505859375 0.716796875 0.01953125 0.03125
4 0.3642578125 0.7216796875 0.01953125 0.029296875
4 0.37841796875 0.72509765625 0.0185546875 0.0322265625
4 0.3935546875 0.72998046875 0.01953125 0.0341796875
4 0.40625 0.73388671875 0.01953125 0.0341796875
4 0.42041015625 0.73779296875 0.0205078125 0.0341796875
4 0.43408203125 0.740234375 0.0185546875 0.033203125
4 0.4501953125 0.74365234375 0.017578125 0.0302734375
4 0.1328125 0.80126953125 0.02734375 0.0537109375
4 0.15380859375 0.814453125 0.0166015625 0.046875
4 0.17431640625 0.814453125 0.0146484375 0.044921875
4 0.19482421875 0.81689453125 0.0263671875 0.0458984375
4 0.27880859375 0.69921875 0.0185546875 0.03125
4 0.04833984375 0.59326171875 0.0166015625 0.0341796875
4 0.037109375 0.59033203125 0.01953125 0.0361328125
4 0.02392578125 0.5888671875 0.0166015625 0.033203125
4 0.00927734375 0.5888671875 0.0146484375 0.0234375
4 0.08837890625 0.787109375 0.0205078125 0.046875
4 0.115234375 0.5048828125 0.021484375 0.03515625
4 0.10009765625 0.5009765625 0.0205078125 0.0390625
4 0.0849609375 0.49658203125 0.0234375 0.0380859375
4 0.06982421875 0.4921875 0.0185546875 0.037109375
4 0.07373046875 0.6025390625 0.0146484375 0.03125
4 0.087890625 0.60400390625 0.01953125 0.0361328125
4 0.111328125 0.61279296875 0.017578125 0.0302734375
4 0.12353515625 0.61328125 0.0126953125 0.03125
4 0.02099609375 0.8291015625 0.0263671875 0.009765625
4 0.11279296875 0.65380859375 0.0185546875 0.0302734375
4 0.1015625 0.6513671875 0.015625 0.029296875
4 0.087890625 0.64599609375 0.021484375 0.0322265625
4 0.0625 0.6396484375 0.021484375 0.03125
4 0.0517578125 0.63671875 0.015625 0.033203125
4 0.037109375 0.634765625 0.017578125 0.02734375
4 0.02685546875 0.6298828125 0.0146484375 0.03125
4 0.013671875 0.6259765625 0.01953125 0.033203125
4 0.00537109375 0.623046875 0.0087890625 0.033203125
4 0.29443359375 0.70068359375 0.0146484375 0.0302734375
4 0.2646484375 0.69482421875 0.01953125 0.0341796875
4 0.501953125 0.455078125 0.01953125 0.041015625
4 0.22265625 0.53515625 0.017578125 0.03515625
4 0.462890625 0.5556640625 0.02734375 0.0390625
4 0.47705078125 0.56005859375 0.0244140625 0.0380859375
4 0.1298828125 0.51123046875 0.017578125 0.0322265625
4 0.14453125 0.513671875 0.021484375 0.03515625
4 0.16064453125 0.517578125 0.0224609375 0.03515625
4 0.1923828125 0.5283203125 0.017578125 0.033203125
4 0.20703125 0.5302734375 0.021484375 0.037109375
4 0.2373046875 0.53955078125 0.021484375 0.0380859375
4 0.3896484375 0.58154296875 0.0234375 0.0361328125
4 0.25341796875 0.5439453125 0.0185546875 0.041015625
4 0.26806640625 0.5458984375 0.0224609375 0.03515625
4 0.283203125 0.55029296875 0.021484375 0.0361328125
4 0.314453125 0.56103515625 0.017578125 0.0380859375
4 0.32958984375 0.56005859375 0.0205078125 0.0341796875
4 0.34375 0.56689453125 0.021484375 0.0400390625
4 0.35888671875 0.57373046875 0.0185546875 0.0322265625
4 0.4482421875 0.552734375 0.0234375 0.04296875
4 0.43212890625 0.54931640625 0.0166015625 0.0361328125
4 0.41650390625 0.54345703125 0.0224609375 0.0361328125
4 0.4013671875 0.53955078125 0.017578125 0.0361328125
4 0.14306640625 0.466796875 0.0205078125 0.037109375
4 0.158203125 0.4697265625 0.01953125 0.037109375
4 0.18896484375 0.4775390625 0.0224609375 0.0390625
4 0.2041015625 0.48193359375 0.01953125 0.0380859375
4 0.21826171875 0.4853515625 0.0185546875 0.037109375
4 0.2333984375 0.4912109375 0.0234375 0.03515625
4 0.24951171875 0.494140625 0.0185546875 0.037109375
4 0.2666015625 0.498046875 0.025390625 0.0390625
4 0.28076171875 0.50244140625 0.0205078125 0.0380859375
4 0.29541015625 0.5087890625 0.0224609375 0.037109375
4 0.31103515625 0.51171875 0.0205078125 0.0390625
4 0.32568359375 0.515625 0.0224609375 0.037109375
4 0.341796875 0.521484375 0.017578125 0.037109375
4 0.35693359375 0.52587890625 0.0205078125 0.0380859375
4 0.38525390625 0.53466796875 0.0205078125 0.0341796875
4 0.373046875 0.57470703125 0.01953125 0.0322265625
4 0.40478515625 0.58544921875 0.0224609375 0.0361328125
4 0.25048828125 0.69140625 0.0185546875 0.03515625
4 0.4453125 0.7021484375 0.021484375 0.03515625
4 0.3466796875 0.67529296875 0.017578125 0.0341796875
4 0.35986328125 0.677734375 0.0146484375 0.029296875
4 0.37353515625 0.68505859375 0.0126953125 0.0322265625
4 0.388671875 0.68701171875 0.01953125 0.0302734375
4 0.40380859375 0.6904296875 0.0146484375 0.037109375
4 0.41650390625 0.69482421875 0.0185546875 0.0302734375
4 0.43212890625 0.69921875 0.0166015625 0.03515625
4 0.458984375 0.70556640625 0.017578125 0.0341796875
4 0.419921875 0.591796875 0.0234375 0.037109375
4 0.12744140625 0.65869140625 0.0146484375 0.0302734375
4 0.1396484375 0.65673828125 0.013671875 0.0263671875
4 0.16552734375 0.66748046875 0.0205078125 0.0341796875
4 0.18115234375 0.67041015625 0.0166015625 0.0302734375
4 0.19384765625 0.67529296875 0.0146484375 0.0322265625
4 0.20849609375 0.68017578125 0.0205078125 0.0361328125
4 0.22265625 0.68505859375 0.021484375 0.0322265625
4 0.33349609375 0.67138671875 0.0166015625 0.0341796875
4 0.3173828125 0.66552734375 0.013671875 0.0322265625
4 0.30322265625 0.6650390625 0.0185546875 0.03125
4 0.28955078125 0.65869140625 0.0146484375 0.0361328125
4 0.435546875 0.59326171875 0.017578125 0.0361328125
4 0.4501953125 0.59814453125 0.0234375 0.0361328125
4 0.46630859375 0.6015625 0.0166015625 0.03515625
4 0.47998046875 0.6064453125 0.0185546875 0.0390625
4 0.13818359375 0.61572265625 0.0146484375 0.0322265625
4 0.14794921875 0.6220703125 0.0146484375 0.029296875
4 0.16162109375 0.62646484375 0.0166015625 0.0322265625
4 0.17578125 0.6298828125 0.01953125 0.033203125
4 0.18994140625 0.6337890625 0.0185546875 0.03125
4 0.20458984375 0.63623046875 0.0185546875 0.0341796875
4 0.21923828125 0.640625 0.0224609375 0.03125
4 0.234375 0.6435546875 0.015625 0.029296875
4 0.2490234375 0.64599609375 0.021484375 0.0380859375
4 0.26171875 0.65283203125 0.013671875 0.0302734375
4 0.2744140625 0.6552734375 0.013671875 0.029296875
4 0.05517578125 0.4873046875 0.0205078125 0.037109375
4 0.03857421875 0.482421875 0.0205078125 0.03515625
4 0.02490234375 0.47802734375 0.0224609375 0.0380859375
4 0.0146484375 0.0830078125 0.02734375 0.052734375
4 0.03173828125 0.09033203125 0.0244140625 0.0478515625
4 0.0927734375 0.1650390625 0.02734375 0.044921875
4 0.0732421875 0.15966796875 0.0234375 0.0439453125
4 0.05419921875 0.15185546875 0.0244140625 0.0478515625
4 0.03662109375 0.15087890625 0.0185546875 0.0458984375
4 0.01806640625 0.142578125 0.0283203125 0.046875
4 0.1083984375 0.10791015625 0.02734375 0.0498046875
4 0.0888671875 0.107421875 0.025390625 0.05078125
4 0.0517578125 0.0947265625 0.029296875 0.046875
4 0.01025390625 0.4736328125 0.0185546875 0.037109375
5 0.2646484375 0.80712890625 0.34375 0.1337890625
5 0.2353515625 0.66064453125 0.46875 0.2021484375
5 0.25146484375 0.5146484375 0.5009765625 0.2265625
5 0.271484375 0.3603515625 0.541015625 0.23046875
5 0.21337890625 0.1630859375 0.4248046875 0.22265625
5 0.40966796875 0.0263671875 0.1201171875 0.05078125
4 0.11083984375 0.169921875 0.0185546875 0.04296875
4 0.08349609375 0.4482421875 0.0224609375 0.037109375
4 0.06591796875 0.443359375 0.0185546875 0.037109375
4 0.05224609375 0.43896484375 0.0205078125 0.0361328125
4 0.0361328125 0.43359375 0.01953125 0.037109375
4 0.0205078125 0.4306640625 0.021484375 0.037109375
4 0.00634765625 0.42724609375 0.0107421875 0.0361328125
4 0.09716796875 0.45361328125 0.0205078125 0.0361328125
4 0.1123046875 0.45654296875 0.021484375 0.0380859375
4 0.107421875 0.298828125 0.01953125 0.04296875
4 0.09423828125 0.29638671875 0.0224609375 0.0400390625
4 0.07666015625 0.29296875 0.0146484375 0.037109375
4 0.044921875 0.28125 0.01953125 0.041015625
4 0.029296875 0.27587890625 0.0234375 0.0419921875
4 0.01318359375 0.27392578125 0.0205078125 0.0419921875
4 0.1142578125 0.3525390625 0.021484375 0.041015625
4 0.09765625 0.349609375 0.0234375 0.041015625
4 0.08154296875 0.34375 0.0244140625 0.041015625
4 0.06689453125 0.33984375 0.0244140625 0.044921875
4 0.04833984375 0.33642578125 0.0244140625 0.0439453125
4 0.033203125 0.3310546875 0.0234375 0.041015625
4 0.0166015625 0.32763671875 0.021484375 0.0439453125
4 0.1279296875 0.46142578125 0.01953125 0.0361328125
4 0.486328125 0.45166015625 0.02734375 0.0439453125
4 0.47216796875 0.44580078125 0.0185546875 0.0380859375
4 0.5185546875 0.45849609375 0.021484375 0.0361328125
4 0.52880859375 0.4130859375 0.0244140625 0.041015625
4 0.8408203125 0.1279296875 0.013671875 0.03125
4 0.66748046875 0.1513671875 0.0185546875 0.033203125
4 0.52099609375 0.00390625 0.0322265625 0.005859375
4 0.31494140625 0.16845703125 0.0322265625 0.0498046875
4 0.1865234375 0.1884765625 0.021484375 0.044921875
4 0.20361328125 0.197265625 0.0263671875 0.046875
4 0.22314453125 0.20068359375 0.0283203125 0.0439453125
4 0.23779296875 0.14794921875 0.0263671875 0.0458984375
4 0.25830078125 0.15087890625 0.0224609375 0.0458984375
4 0.24365234375 0.20703125 0.0263671875 0.046875
4 0.29541015625 0.16357421875 0.0244140625 0.0458984375
4 0.35107421875 0.17919921875 0.0322265625 0.0517578125
4 0.16064453125 0.30908203125 0.0283203125 0.0419921875
4 0.37255859375 0.18603515625 0.0283203125 0.0517578125
4 0.38916015625 0.19189453125 0.0205078125 0.0400390625
4 0.41015625 0.193359375 0.03125 0.052734375
4 0.35888671875 0.2392578125 0.0224609375 0.044921875
4 0.37548828125 0.244140625 0.0263671875 0.046875
4 0.39453125 0.25 0.029296875 0.048828125
4 0.126953125 0.3037109375 0.0234375 0.041015625
4 0.166015625 0.185546875 0.029296875 0.048828125
4 0.146484375 0.18017578125 0.02734375 0.0439453125
4 0.12890625 0.17578125 0.025390625 0.044921875
4 0.2001953125 0.13671875 0.03515625 0.052734375
4 0.41162109375 0.03369140625 0.0419921875 0.0322265625
4 0.1630859375 0.1279296875 0.02734375 0.044921875
4 0.18212890625 0.1279296875 0.0244140625 0.052734375
4 0.1435546875 0.3056640625 0.01953125 0.044921875
4 0.17578125 0.31689453125 0.017578125 0.0361328125
4 0.3251953125 0.4111328125 0.0234375 0.0390625
4 0.2119140625 0.37744140625 0.0234375 0.0439453125
4 0.2275390625 0.3818359375 0.025390625 0.04296875
4 0.2431640625 0.38818359375 0.0234375 0.0439453125
4 0.25830078125 0.39111328125 0.0263671875 0.0458984375
4 0.27783203125 0.3955078125 0.0205078125 0.041015625
4 0.29248046875 0.40185546875 0.0244140625 0.0419921875
4 0.30859375 0.4052734375 0.0234375 0.041015625
4 0.3427734375 0.41357421875 0.0234375 0.0400390625
4 0.19287109375 0.31884765625 0.0244140625 0.0400390625
4 0.357421875 0.4150390625 0.025390625 0.0390625
4 0.37353515625 0.42138671875 0.0224609375 0.0419921875
4 0.3896484375 0.4267578125 0.025390625 0.04296875
4 0.40576171875 0.4287109375 0.0244140625 0.041015625
4 0.419921875 0.4375 0.02734375 0.044921875
4 0.43994140625 0.439453125 0.0224609375 0.04296875
4 0.4560546875 0.44384765625 0.0234375 0.0419921875
4 0.1943359375 0.37451171875 0.025390625 0.0478515625
4 0.16064453125 0.3662109375 0.0224609375 0.044921875
4 0.14697265625 0.36083984375 0.0224609375 0.0439453125
4 0.1298828125 0.35791015625 0.01953125 0.0380859375
4 0.20849609375 0.32470703125 0.0224609375 0.0400390625
4 0.22412109375 0.3291015625 0.0263671875 0.041015625
4 0.24072265625 0.33447265625 0.0205078125 0.0400390625
4 0.25732421875 0.33935546875 0.0263671875 0.0439453125
4 0.28955078125 0.34716796875 0.0244140625 0.0400390625
4 0.3056640625 0.34912109375 0.021484375 0.0419921875
4 0.337890625 0.3583984375 0.0234375 0.04296875
4 0.3564453125 0.3642578125 0.0234375 0.041015625
4 0.36962890625 0.36865234375 0.0244140625 0.0439453125
4 0.3857421875 0.373046875 0.01953125 0.04296875
4 0.40234375 0.37744140625 0.021484375 0.0419921875
4 0.435546875 0.38330078125 0.0234375 0.0458984375
4 0.466796875 0.3935546875 0.01953125 0.041015625
4 0.48486328125 0.3984375 0.0263671875 0.04296875
4 0.49951171875 0.40283203125 0.0185546875 0.0439453125
