4 0.2548828125 0.5234375 0.021484375 0.0078125
4 0.25537109375 0.59765625 0.0205078125 0.0078125
4 0.255859375 0.58740234375 0.0234375 0.0087890625
4 0.228515625 0.58837890625 0.025390625 0.0087890625
4 0.22900390625 0.57763671875 0.0263671875 0.0087890625
4 0.2548828125 0.56689453125 0.021484375 0.0087890625
4 0.22998046875 0.56640625 0.0224609375 0.009765625
4 0.22802734375 0.5556640625 0.0263671875 0.009765625
4 0.25634765625 0.55615234375 0.0244140625 0.0087890625
4 0.25634765625 0.54541015625 0.0244140625 0.0087890625
4 0.22900390625 0.54541015625 0.0244140625 0.0087890625
4 0.22900390625 0.5341796875 0.0244140625 0.009765625
4 0.22802734375 0.52392578125 0.0263671875 0.0087890625
4 0.25537109375 0.5126953125 0.0224609375 0.0078125
4 0.22607421875 0.45849609375 0.0283203125 0.0107421875
4 0.22802734375 0.513671875 0.0263671875 0.009765625
4 0.25341796875 0.50244140625 0.0205078125 0.0087890625
4 0.228515625 0.50146484375 0.021484375 0.0107421875
4 0.228515625 0.49169921875 0.021484375 0.0087890625
4 0.25537109375 0.4912109375 0.0205078125 0.009765625
4 0.25390625 0.48046875 0.01953125 0.0078125
4 0.224609375 0.48193359375 0.03125 0.0087890625
4 0.22705078125 0.4697265625 0.0244140625 0.009765625
4 0.25390625 0.47021484375 0.01953125 0.0087890625
4 0.2978515625 0.4619140625 0.015625 0.0078125
4 0.298828125 0.45166015625 0.017578125 0.0087890625
4 0.30908203125 0.4404296875 0.0283203125 0.009765625
4 0.23095703125 0.59912109375 0.0244140625 0.0107421875
4 0.2568359375 0.6083984375 0.0234375 0.0078125
4 0.25537109375 0.6181640625 0.0205078125 0.005859375
4 0.2314453125 0.609375 0.0234375 0.009765625
4 0.32177734375 0.5751953125 0.0185546875 0.0078125
4 0.32275390625 0.56591796875 0.0205078125 0.0087890625
4 0.30224609375 0.56591796875 0.0185546875 0.0087890625
4 0.3203125 0.556640625 0.017578125 0.0078125
4 0.30126953125 0.556640625 0.0166015625 0.0078125
4 0.30126953125 0.54736328125 0.0185546875 0.0107421875
4 0.31982421875 0.54638671875 0.0205078125 0.0087890625
4 0.31982421875 0.53662109375 0.0205078125 0.0068359375
4 0.30029296875 0.53759765625 0.0166015625 0.0087890625
4 0.32080078125 0.52734375 0.0205078125 0.0078125
4 0.2998046875 0.52880859375 0.01953125 0.0087890625
4 0.31982421875 0.51806640625 0.0205078125 0.0068359375
4 0.30126953125 0.51806640625 0.0146484375 0.0068359375
4 0.3203125 0.50927734375 0.01953125 0.0068359375
4 0.30078125 0.509765625 0.015625 0.0078125
4 0.3203125 0.49951171875 0.01953125 0.0087890625
4 0.298828125 0.49951171875 0.01953125 0.0087890625
4 0.3193359375 0.48876953125 0.01953125 0.0068359375
4 0.29931640625 0.4892578125 0.0185546875 0.0078125
4 0.3193359375 0.4794921875 0.01953125 0.009765625
4 0.298828125 0.48095703125 0.017578125 0.0087890625
4 0.31982421875 0.4697265625 0.0185546875 0.0078125
4 0.298828125 0.470703125 0.017578125 0.0078125
4 0.22998046875 0.630859375 0.0244140625 0.01171875
4 0.22998046875 0.619140625 0.0263671875 0.009765625
4 0.25341796875 0.45947265625 0.0224609375 0.0087890625
4 0.25341796875 0.44970703125 0.0205078125 0.0068359375
4 0.2529296875 0.439453125 0.025390625 0.009765625
4 0.24560546875 0.32177734375 0.0107421875 0.0185546875
4 0.25146484375 0.31396484375 0.0107421875 0.0166015625
4 0.25732421875 0.3310546875 0.0126953125 0.01953125
4 0.2421875 0.23974609375 0.01171875 0.0205078125
4 0.2236328125 0.24853515625 0.0078125 0.0166015625
4 0.22998046875 0.24267578125 0.0107421875 0.0205078125
4 0.19873046875 0.11865234375 0.0107421875 0.0205078125
4 0.18212890625 0.04052734375 0.0068359375 0.0126953125
4 0.2744140625 0.0205078125 0.017578125 0.021484375
4 0.224609375 0.0107421875 0.021484375 0.01953125
4 0.01318359375 0.00927734375 0.0087890625 0.0166015625
5 0.009765625 0.01171875 0.017578125 0.021484375
5 0.07373046875 0.85693359375 0.1455078125 0.0595703125
5 0.0634765625 0.7958984375 0.125 0.048828125
5 0.05859375 0.74072265625 0.115234375 0.0380859375
5 0.078125 0.66748046875 0.080078125 0.0556640625
5 0.4951171875 0.60546875 0.09765625 0.033203125
5 0.51611328125 0.5322265625 0.1259765625 0.060546875
5 0.5087890625 0.45458984375 0.205078125 0.0712890625
5 0.41650390625 0.54638671875 0.0322265625 0.1591796875
5 0.3662109375 0.5322265625 0.041015625 0.193359375
5 0.3095703125 0.529296875 0.044921875 0.19140625
5 0.2392578125 0.5390625 0.056640625 0.216796875
5 0.05078125 0.55029296875 0.099609375 0.0439453125
5 0.04833984375 0.50244140625 0.0947265625 0.0419921875
5 0.033203125 0.45751953125 0.064453125 0.0400390625
5 0.03271484375 0.404296875 0.0634765625 0.044921875
5 0.2880859375 0.31005859375 0.091796875 0.0654296875
5 0.26806640625 0.24169921875 0.0888671875 0.0517578125
5 0.03759765625 0.3515625 0.0732421875 0.046875
5 0.03271484375 0.3037109375 0.0634765625 0.03125
5 0.0322265625 0.25244140625 0.052734375 0.0986328125
5 0.26513671875 0.17626953125 0.0791015625 0.0283203125
5 0.2705078125 0.12939453125 0.072265625 0.0380859375
5 0.30908203125 0.037109375 0.0771484375 0.0625
5 0.01123046875 0.05712890625 0.0205078125 0.0498046875
4 0.083984375 0.8662109375 0.009765625 0.021484375
4 0.1376953125 0.85791015625 0.01171875 0.0322265625
4 0.125 0.86865234375 0.009765625 0.0244140625
4 0.11376953125 0.86767578125 0.0087890625 0.0244140625
4 0.10400390625 0.86767578125 0.0107421875 0.0244140625
4 0.09375 0.8681640625 0.009765625 0.025390625
4 0.07373046875 0.86572265625 0.0107421875 0.0224609375
4 0.07763671875 0.8046875 0.0087890625 0.021484375
4 0.06494140625 0.86474609375 0.0107421875 0.0224609375
4 0.05615234375 0.86279296875 0.0087890625 0.0224609375
4 0.04638671875 0.86181640625 0.0068359375 0.0185546875
4 0.02294921875 0.86328125 0.0087890625 0.021484375
4 0.03857421875 0.8623046875 0.0107421875 0.01953125
4 0.01220703125 0.86279296875 0.0107421875 0.0224609375
4 0.02783203125 0.80322265625 0.0087890625 0.0205078125
4 0.03955078125 0.802734375 0.0068359375 0.01953125
4 0.048828125 0.802734375 0.005859375 0.017578125
4 0.05859375 0.80126953125 0.0078125 0.0166015625
4 0.06787109375 0.80322265625 0.0087890625 0.0185546875
4 0.10693359375 0.80615234375 0.0087890625 0.0205078125
4 0.08837890625 0.80517578125 0.0087890625 0.0205078125
4 0.044921875 0.68408203125 0.009765625 0.0224609375
4 0.0380859375 0.224609375 0.01953125 0.009765625
4 0.046875 0.2822265625 0.01953125 0.01171875
4 0.02490234375 0.28515625 0.0205078125 0.01171875
4 0.04443359375 0.27294921875 0.0224609375 0.0107421875
4 0.0205078125 0.26953125 0.021484375 0.009765625
4 0.0439453125 0.2626953125 0.021484375 0.009765625
4 0.02197265625 0.2607421875 0.0185546875 0.009765625
4 0.02001953125 0.25244140625 0.0185546875 0.0107421875
4 0.04248046875 0.2529296875 0.0205078125 0.01171875
4 0.0419921875 0.24365234375 0.021484375 0.0107421875
4 0.01806640625 0.24365234375 0.0185546875 0.0107421875
4 0.0185546875 0.234375 0.017578125 0.009765625
4 0.0400390625 0.234375 0.01953125 0.009765625
4 0.03759765625 0.21337890625 0.0205078125 0.0107421875
4 0.07568359375 0.6796875 0.0087890625 0.01953125
4 0.01611328125 0.2265625 0.0185546875 0.009765625
4 0.01318359375 0.06494140625 0.0087890625 0.0322265625
4 0.00390625 0.072265625 0.005859375 0.029296875
4 0.0263671875 0.2939453125 0.017578125 0.009765625
4 0.0283203125 0.30859375 0.0078125 0.015625
4 0.0361328125 0.30712890625 0.0078125 0.0166015625
4 0.04296875 0.30712890625 0.005859375 0.0166015625
4 0.0390625 0.5576171875 0.009765625 0.01953125
4 0.0029296875 0.4765625 0.00390625 0.009765625
4 0.0537109375 0.45068359375 0.0078125 0.0166015625
4 0.03857421875 0.45703125 0.0087890625 0.021484375
4 0.03125 0.45947265625 0.009765625 0.0205078125
4 0.0234375 0.4599609375 0.01171875 0.01953125
4 0.0107421875 0.458984375 0.01171875 0.0234375
4 0.119140625 0.79736328125 0.009765625 0.0263671875
4 0.109375 0.73583984375 0.009765625 0.0244140625
4 0.095703125 0.6806640625 0.01171875 0.02734375
4 0.0859375 0.68212890625 0.01171875 0.0263671875
4 0.1044921875 0.650390625 0.013671875 0.02734375
4 0.091796875 0.65185546875 0.01171875 0.0244140625
4 0.080078125 0.65234375 0.009765625 0.025390625
4 0.09326171875 0.5439453125 0.0107421875 0.029296875
4 0.0654296875 0.3408203125 0.01171875 0.0234375
4 0.0869140625 0.49609375 0.013671875 0.025390625
4 0.0625 0.4951171875 0.017578125 0.01171875
4 0.0029296875 0.50390625 0.00390625 0.0078125
4 0.06103515625 0.3046875 0.0087890625 0.01953125
4 0.05029296875 0.30615234375 0.0068359375 0.0146484375
4 0.30126953125 0.5849609375 0.0146484375 0.0078125
4 0.32177734375 0.58544921875 0.0205078125 0.0087890625
4 0.32080078125 0.5947265625 0.0166015625 0.0078125
4 0.30224609375 0.5947265625 0.0166015625 0.0078125
4 0.72998046875 0.4306640625 0.0146484375 0.015625
4 0.73486328125 0.4365234375 0.0146484375 0.009765625
4 0.109375 0.7841796875 0.005859375 0.017578125
4 0.087890625 0.8427734375 0.0078125 0.017578125
4 0.07958984375 0.84375 0.0068359375 0.015625
4 0.07177734375 0.84423828125 0.0068359375 0.0166015625
4 0.064453125 0.841796875 0.0078125 0.017578125
4 0.05615234375 0.84326171875 0.0087890625 0.0166015625
4 0.04638671875 0.8427734375 0.0068359375 0.015625
4 0.03955078125 0.8427734375 0.0068359375 0.015625
4 0.0302734375 0.8408203125 0.0078125 0.017578125
4 0.01953125 0.80224609375 0.005859375 0.0166015625
4 0.00927734375 0.8037109375 0.0087890625 0.017578125
4 0.00244140625 0.80029296875 0.0029296875 0.0185546875
4 0.0966796875 0.80419921875 0.0078125 0.0185546875
4 0.1005859375 0.78515625 0.005859375 0.013671875
4 0.07080078125 0.7490234375 0.0068359375 0.015625
4 0.0849609375 0.78564453125 0.005859375 0.0126953125
4 0.07666015625 0.78515625 0.0068359375 0.013671875
4 0.06884765625 0.78369140625 0.0068359375 0.0166015625
4 0.06005859375 0.783203125 0.0068359375 0.015625
4 0.04443359375 0.7841796875 0.0068359375 0.013671875
4 0.03564453125 0.78271484375 0.0048828125 0.0146484375
4 0.02734375 0.7841796875 0.005859375 0.013671875
4 0.0205078125 0.783203125 0.0078125 0.013671875
4 0.01123046875 0.783203125 0.0048828125 0.01171875
4 0.00341796875 0.78173828125 0.0068359375 0.0146484375
4 0.04345703125 0.7490234375 0.0068359375 0.015625
4 0.10302734375 0.8447265625 0.0068359375 0.017578125
4 0.11181640625 0.84619140625 0.0068359375 0.0146484375
4 0.12060546875 0.845703125 0.0048828125 0.015625
4 0.35986328125 0.5615234375 0.0146484375 0.0078125
4 0.3720703125 0.4404296875 0.021484375 0.0078125
4 0.3720703125 0.44970703125 0.017578125 0.0087890625
4 0.35498046875 0.4521484375 0.0166015625 0.0078125
4 0.35595703125 0.458984375 0.0126953125 0.005859375
4 0.37255859375 0.4609375 0.0146484375 0.0078125
4 0.3564453125 0.470703125 0.015625 0.0078125
4 0.37255859375 0.4697265625 0.0146484375 0.0078125
4 0.3740234375 0.47900390625 0.017578125 0.0068359375
4 0.35595703125 0.4794921875 0.0166015625 0.0078125
4 0.35595703125 0.48974609375 0.0166015625 0.0068359375
4 0.37451171875 0.4892578125 0.0126953125 0.005859375
4 0.3564453125 0.49853515625 0.015625 0.0068359375
4 0.357421875 0.5078125 0.013671875 0.0078125
4 0.3759765625 0.50537109375 0.017578125 0.0087890625
4 0.35791015625 0.51513671875 0.0166015625 0.0068359375
4 0.37646484375 0.515625 0.0166015625 0.0078125
4 0.375 0.52392578125 0.015625 0.0068359375
4 0.35888671875 0.52490234375 0.0146484375 0.0068359375
4 0.35888671875 0.53369140625 0.0185546875 0.0068359375
4 0.3759765625 0.53369140625 0.013671875 0.0068359375
4 0.37744140625 0.54248046875 0.0166015625 0.0068359375
4 0.35791015625 0.55126953125 0.0166015625 0.0068359375
4 0.37646484375 0.55029296875 0.0166015625 0.0068359375
4 0.37841796875 0.56103515625 0.0126953125 0.0068359375
4 0.06396484375 0.7490234375 0.0068359375 0.015625
4 0.09814453125 0.74853515625 0.0068359375 0.0146484375
4 0.376953125 0.56982421875 0.013671875 0.0068359375
4 0.02978515625 0.361328125 0.0048828125 0.013671875
4 0.02294921875 0.36279296875 0.0068359375 0.0126953125
4 0.01611328125 0.36328125 0.0068359375 0.013671875
4 0.00927734375 0.3642578125 0.0068359375 0.013671875
4 0.361328125 0.5703125 0.01171875 0.005859375
4 0.08740234375 0.72900390625 0.0068359375 0.0185546875
4 0.35986328125 0.578125 0.0166015625 0.0078125
4 0.37841796875 0.578125 0.0166015625 0.0078125
4 0.3779296875 0.5869140625 0.013671875 0.0078125
4 0.35986328125 0.58740234375 0.0185546875 0.0087890625
4 0.361328125 0.59716796875 0.013671875 0.0068359375
4 0.3779296875 0.59619140625 0.015625 0.0087890625
4 0.3779296875 0.60498046875 0.017578125 0.0068359375
4 0.36181640625 0.60595703125 0.0126953125 0.0087890625
4 0.3583984375 0.62255859375 0.01171875 0.0068359375
4 0.32421875 0.61376953125 0.013671875 0.0068359375
4 0.30126953125 0.60546875 0.0146484375 0.009765625
4 0.3212890625 0.60400390625 0.017578125 0.0068359375
4 0.05810546875 0.35791015625 0.0068359375 0.0126953125
4 0.0556640625 0.33984375 0.005859375 0.017578125
4 0.04736328125 0.34130859375 0.0087890625 0.0185546875
4 0.0244140625 0.34375 0.0078125 0.017578125
4 0.0771484375 0.7294921875 0.005859375 0.017578125
4 0.06982421875 0.73095703125 0.0068359375 0.0166015625
4 0.0625 0.68408203125 0.0078125 0.0146484375
4 0.0732421875 0.65673828125 0.0078125 0.0146484375
4 0.0595703125 0.6591796875 0.009765625 0.017578125
4 0.0830078125 0.5361328125 0.005859375 0.01171875
4 0.0732421875 0.5537109375 0.009765625 0.017578125
4 0.00634765625 0.54638671875 0.0068359375 0.0146484375
4 0.02587890625 0.54052734375 0.0068359375 0.0146484375
4 0.0400390625 0.5390625 0.0078125 0.015625
4 0.03662109375 0.39306640625 0.0068359375 0.0107421875
4 0.02880859375 0.39306640625 0.0048828125 0.0126953125
4 0.0234375 0.39306640625 0.005859375 0.0126953125
4 0.0107421875 0.39404296875 0.005859375 0.0126953125
4 0.00341796875 0.3955078125 0.0068359375 0.015625
4 0.04150390625 0.40283203125 0.0166015625 0.0087890625
4 0.05712890625 0.39111328125 0.0068359375 0.0146484375
4 0.01025390625 0.34619140625 0.0087890625 0.0166015625
4 0.01806640625 0.34521484375 0.0087890625 0.0185546875
4 0.7197265625 0.4619140625 0.017578125 0.017578125
4 0.716796875 0.451171875 0.017578125 0.009765625
4 0.4453125 0.4453125 0.01171875 0.021484375
4 0.41552734375 0.54345703125 0.0283203125 0.1455078125
4 0.5146484375 0.54638671875 0.009765625 0.0244140625
4 0.5361328125 0.54736328125 0.01171875 0.0263671875
4 0.52685546875 0.60595703125 0.0087890625 0.0166015625
4 0.505859375 0.6064453125 0.009765625 0.021484375
4 0.49560546875 0.60302734375 0.0087890625 0.0185546875
4 0.48486328125 0.60302734375 0.0107421875 0.0283203125
4 0.474609375 0.60400390625 0.009765625 0.0263671875
4 0.4638671875 0.60498046875 0.009765625 0.0244140625
4 0.45361328125 0.60546875 0.0107421875 0.0234375
4 0.64306640625 0.58349609375 0.0244140625 0.0185546875
4 0.61474609375 0.611328125 0.0244140625 0.017578125
4 0.5859375 0.63232421875 0.029296875 0.0166015625
4 0.45556640625 0.44921875 0.0146484375 0.025390625
4 0.50341796875 0.54541015625 0.0087890625 0.0224609375
4 0.49365234375 0.54443359375 0.0087890625 0.0205078125
4 0.4833984375 0.54345703125 0.0078125 0.0224609375
4 0.4716796875 0.544921875 0.009765625 0.0234375
4 0.46435546875 0.451171875 0.0146484375 0.025390625
4 0.48291015625 0.4541015625 0.0126953125 0.01953125
4 0.4921875 0.45703125 0.013671875 0.0234375
4 0.50146484375 0.458984375 0.0126953125 0.0234375
4 0.5107421875 0.458984375 0.0078125 0.017578125
4 0.51953125 0.46142578125 0.009765625 0.0185546875
4 0.5302734375 0.46337890625 0.009765625 0.0205078125
4 0.53857421875 0.4638671875 0.0068359375 0.017578125
4 0.548828125 0.46484375 0.0078125 0.017578125
4 0.5576171875 0.4677734375 0.009765625 0.01953125
4 0.5693359375 0.46923828125 0.005859375 0.0166015625
4 0.578125 0.47119140625 0.009765625 0.0205078125
4 0.58642578125 0.4716796875 0.0087890625 0.017578125
4 0.642578125 0.484375 0.021484375 0.017578125
4 0.6015625 0.4765625 0.0078125 0.01171875
4 0.5693359375 0.52294921875 0.005859375 0.0166015625
4 0.55859375 0.521484375 0.0078125 0.021484375
4 0.548828125 0.51904296875 0.01171875 0.0283203125
4 0.53759765625 0.517578125 0.0107421875 0.029296875
4 0.52685546875 0.52001953125 0.0087890625 0.0224609375
4 0.515625 0.5185546875 0.0078125 0.025390625
4 0.5048828125 0.52099609375 0.0078125 0.0205078125
4 0.49365234375 0.51904296875 0.0087890625 0.0224609375
4 0.47314453125 0.515625 0.0126953125 0.029296875
4 0.46142578125 0.51708984375 0.0107421875 0.0263671875
