0 0.453125 0.8564453125 0.01953125 0.009765625
1 0.759765625 0.49853515625 0.083984375 0.0126953125
1 0.9296875 0.5029296875 0.0859375 0.01171875
1 0.93359375 0.48876953125 0.08203125 0.0126953125
1 0.9296875 0.474609375 0.0859375 0.01171875
1 0.935546875 0.46044921875 0.083984375 0.0126953125
1 0.93896484375 0.447265625 0.0810546875 0.013671875
1 0.93603515625 0.4345703125 0.0849609375 0.01171875
1 0.93505859375 0.42138671875 0.0810546875 0.0107421875
1 0.76806640625 0.4150390625 0.0771484375 0.01171875
1 0.75927734375 0.42919921875 0.0791015625 0.0107421875
1 0.75732421875 0.44384765625 0.0830078125 0.0107421875
1 0.7607421875 0.45751953125 0.083984375 0.0107421875
1 0.76220703125 0.47119140625 0.0810546875 0.0107421875
1 0.7626953125 0.48486328125 0.083984375 0.0107421875
1 0.76513671875 0.51171875 0.0830078125 0.01171875
0 0.45068359375 0.8681640625 0.0283203125 0.01171875
1 0.7646484375 0.52587890625 0.083984375 0.0107421875
1 0.75634765625 0.53955078125 0.0810546875 0.0107421875
1 0.75732421875 0.56787109375 0.0869140625 0.0107421875
1 0.7587890625 0.58251953125 0.083984375 0.0107421875
1 0.76025390625 0.595703125 0.0830078125 0.009765625
1 0.76171875 0.609375 0.083984375 0.01171875
1 0.76171875 0.623046875 0.08203125 0.01171875
1 0.75634765625 0.63671875 0.0830078125 0.01171875
1 0.7578125 0.650390625 0.083984375 0.01171875
1 0.75244140625 0.6630859375 0.0849609375 0.009765625
1 0.7548828125 0.6767578125 0.08203125 0.01171875
1 0.759765625 0.75390625 0.068359375 0.04296875
1 0.8359375 0.80126953125 0.01171875 0.0849609375
1 0.93798828125 0.51611328125 0.0712890625 0.0126953125
1 0.93310546875 0.53125 0.0849609375 0.01171875
1 0.93310546875 0.54345703125 0.0771484375 0.0107421875
1 0.9326171875 0.57177734375 0.083984375 0.0107421875
1 0.98876953125 0.47509765625 0.0224609375 0.0107421875
1 0.98974609375 0.50439453125 0.0205078125 0.0107421875
1 0.98876953125 0.5185546875 0.0224609375 0.01171875
1 0.98974609375 0.53076171875 0.0205078125 0.0126953125
1 0.990234375 0.5458984375 0.01953125 0.01171875
1 0.990234375 0.57177734375 0.01953125 0.0107421875
1 0.98974609375 0.58642578125 0.0205078125 0.0107421875
1 0.9892578125 0.6005859375 0.021484375 0.009765625
1 0.99072265625 0.6123046875 0.0185546875 0.01171875
1 0.95458984375 0.6630859375 0.0810546875 0.01171875
1 0.94970703125 0.62646484375 0.0830078125 0.0126953125
1 0.93359375 0.61328125 0.083984375 0.01171875
1 0.93310546875 0.60009765625 0.0830078125 0.0126953125
1 0.93505859375 0.58642578125 0.0849609375 0.0126953125
1 0.8232421875 0.8486328125 0.01171875 0.08203125
1 0.80810546875 0.85498046875 0.0126953125 0.0830078125
1 0.79443359375 0.84814453125 0.0126953125 0.0869140625
1 0.421875 0.71142578125 0.083984375 0.0341796875
1 0.3095703125 0.67138671875 0.080078125 0.0478515625
1 0.31640625 0.65234375 0.080078125 0.0546875
1 0.330078125 0.61279296875 0.080078125 0.0439453125
1 0.3388671875 0.58837890625 0.0859375 0.0419921875
1 0.35009765625 0.568359375 0.0869140625 0.037109375
1 0.24560546875 0.54248046875 0.0810546875 0.0302734375
1 0.52783203125 0.5146484375 0.0244140625 0.009765625
1 0.49658203125 0.4931640625 0.0849609375 0.01171875
1 0.5 0.47900390625 0.083984375 0.0107421875
1 0.501953125 0.46630859375 0.08203125 0.0126953125
1 0.5068359375 0.45361328125 0.0703125 0.0126953125
1 0.4990234375 0.4404296875 0.087890625 0.01171875
1 0.40380859375 0.505859375 0.0849609375 0.01171875
1 0.4052734375 0.4921875 0.083984375 0.01171875
1 0.40625 0.478515625 0.0859375 0.01171875
1 0.4013671875 0.46435546875 0.08203125 0.0126953125
1 0.41455078125 0.45068359375 0.0810546875 0.0126953125
1 0.40869140625 0.4384765625 0.0849609375 0.013671875
1 0.40576171875 0.42333984375 0.0712890625 0.0126953125
1 0.48388671875 0.3642578125 0.0751953125 0.01171875
1 0.3828125 0.3623046875 0.0859375 0.013671875
1 0.27490234375 0.39794921875 0.0146484375 0.0908203125
1 0.26025390625 0.41259765625 0.0166015625 0.0849609375
1 0.24609375 0.39501953125 0.015625 0.0791015625
1 0.23291015625 0.4033203125 0.0166015625 0.083984375
1 0.21826171875 0.41943359375 0.0166015625 0.0830078125
1 0.201171875 0.4345703125 0.01171875 0.03125
1 0.40625 0.68701171875 0.083984375 0.0322265625
1 0.455078125 0.6064453125 0.078125 0.048828125
1 0.75439453125 0.84716796875 0.0126953125 0.0810546875
1 0.39892578125 0.72509765625 0.0869140625 0.0322265625
1 0.72607421875 0.84814453125 0.0126953125 0.0830078125
1 0.185546875 0.98828125 0.01171875 0.0234375
1 0.68603515625 0.4150390625 0.0849609375 0.01171875
1 0.6728515625 0.42822265625 0.078125 0.0126953125
1 0.666015625 0.4423828125 0.08203125 0.013671875
1 0.671875 0.4580078125 0.083984375 0.01171875
1 0.67138671875 0.47021484375 0.0830078125 0.0107421875
1 0.6728515625 0.484375 0.08203125 0.01171875
1 0.67041015625 0.49853515625 0.0830078125 0.0107421875
1 0.6728515625 0.5107421875 0.087890625 0.01171875
1 0.6728515625 0.52490234375 0.0859375 0.0107421875
1 0.67138671875 0.53857421875 0.0830078125 0.0126953125
1 0.66748046875 0.56640625 0.0732421875 0.01171875
1 0.66943359375 0.595703125 0.0810546875 0.013671875
1 0.669921875 0.6083984375 0.083984375 0.009765625
1 0.67333984375 0.6220703125 0.0771484375 0.009765625
1 0.6689453125 0.6474609375 0.08203125 0.013671875
1 0.67138671875 0.67626953125 0.0810546875 0.0126953125
1 0.66943359375 0.7041015625 0.0810546875 0.01171875
1 0.7041015625 0.7294921875 0.083984375 0.01171875
1 0.5107421875 0.75341796875 0.0859375 0.0283203125
1 0.5048828125 0.712890625 0.083984375 0.02734375
1 0.52099609375 0.6884765625 0.0810546875 0.046875
1 0.51953125 0.5771484375 0.080078125 0.05078125
0 0.453125 0.87841796875 0.021484375 0.0087890625
0 0.45068359375 0.8876953125 0.0244140625 0.009765625
0 0.44921875 0.90771484375 0.0234375 0.0126953125
0 0.43212890625 0.9228515625 0.0185546875 0.025390625
0 0.4501953125 0.955078125 0.021484375 0.009765625
0 0.44970703125 0.97607421875 0.0224609375 0.0107421875
0 0.44921875 0.99609375 0.01953125 0.0078125
1 0.79931640625 0.31396484375 0.0146484375 0.0849609375
1 0.83935546875 0.31884765625 0.0126953125 0.0751953125
1 0.853515625 0.31982421875 0.01171875 0.0791015625
1 0.8671875 0.31591796875 0.01171875 0.0810546875
1 0.880859375 0.31787109375 0.01171875 0.0771484375
1 0.90771484375 0.3134765625 0.0126953125 0.080078125
1 0.935546875 0.3193359375 0.01171875 0.080078125
1 0.94970703125 0.31201171875 0.0107421875 0.0849609375
1 0.97607421875 0.31884765625 0.0107421875 0.0810546875
1 0.98779296875 0.322265625 0.0146484375 0.083984375
1 0.82470703125 0.31884765625 0.0126953125 0.0849609375
1 0.771484375 0.3095703125 0.013671875 0.083984375
1 0.73046875 0.3125 0.009765625 0.08203125
0 0.15869140625 0.8916015625 0.0244140625 0.015625
0 0.2421875 0.88427734375 0.021484375 0.0224609375
0 0.30615234375 0.802734375 0.0244140625 0.01171875
0 0.21142578125 0.818359375 0.0224609375 0.021484375
0 0.29052734375 0.3681640625 0.0126953125 0.03515625
0 0.30615234375 0.3671875 0.0126953125 0.03515625
1 0.580078125 0.3173828125 0.01171875 0.044921875
1 0.5634765625 0.31201171875 0.01171875 0.0849609375
1 0.59326171875 0.31396484375 0.0126953125 0.0830078125
1 0.6201171875 0.31591796875 0.01171875 0.0830078125
1 0.6357421875 0.30859375 0.01171875 0.044921875
1 0.64892578125 0.3046875 0.0126953125 0.087890625
1 0.6630859375 0.32666015625 0.01171875 0.0341796875
1 0.716796875 0.326171875 0.01171875 0.044921875
1 0.10302734375 0.33349609375 0.0126953125 0.0849609375
