4 0.50732421875 0.72802734375 0.0302734375 0.0380859375
4 0.61865234375 0.794921875 0.0263671875 0.03125
4 0.64404296875 0.75 0.0263671875 0.033203125
4 0.626953125 0.74169921875 0.025390625 0.0322265625
4 0.587890625 0.77685546875 0.029296875 0.0380859375
4 0.615234375 0.73291015625 0.021484375 0.0283203125
4 0.59423828125 0.720703125 0.0244140625 0.03125
4 0.56982421875 0.76513671875 0.0224609375 0.0322265625
4 0.556640625 0.7568359375 0.02734375 0.033203125
4 0.5380859375 0.75 0.02734375 0.03515625
4 0.5263671875 0.7373046875 0.02734375 0.033203125
4 0.56640625 0.69921875 0.029296875 0.037109375
4 0.55126953125 0.69580078125 0.0244140625 0.0322265625
4 0.49267578125 0.7197265625 0.0224609375 0.037109375
4 0.70068359375 0.599609375 0.0263671875 0.03515625
4 0.47607421875 0.71142578125 0.0263671875 0.0361328125
4 0.46337890625 0.701171875 0.0263671875 0.037109375
4 0.44287109375 0.693359375 0.0244140625 0.03515625
4 0.4306640625 0.68603515625 0.0234375 0.0341796875
4 0.51953125 0.6787109375 0.0234375 0.025390625
4 0.5009765625 0.6650390625 0.0234375 0.029296875
4 0.4853515625 0.66162109375 0.0234375 0.0302734375
4 0.470703125 0.64794921875 0.03125 0.0400390625
4 0.45556640625 0.64013671875 0.0263671875 0.0361328125
4 0.4384765625 0.63232421875 0.02734375 0.0380859375
4 0.4306640625 0.61669921875 0.025390625 0.0283203125
4 0.72607421875 0.6396484375 0.0458984375 0.06640625
4 0.64990234375 0.78759765625 0.0498046875 0.0634765625
4 0.25732421875 0.70703125 0.0302734375 0.02734375
4 0.21484375 0.681640625 0.03515625 0.029296875
4 0.17529296875 0.65576171875 0.0400390625 0.0322265625
4 0.20556640625 0.49609375 0.0302734375 0.0390625
4 0.2197265625 0.50341796875 0.03125 0.0400390625
4 0.25341796875 0.52392578125 0.0302734375 0.0380859375
4 0.31298828125 0.556640625 0.0244140625 0.029296875
4 0.32958984375 0.568359375 0.0224609375 0.03125
4 0.36181640625 0.58935546875 0.0244140625 0.0341796875
4 0.37548828125 0.59326171875 0.0283203125 0.0361328125
4 0.40966796875 0.609375 0.0283203125 0.029296875
4 0.119140625 0.501953125 0.02734375 0.033203125
4 0.1328125 0.5107421875 0.017578125 0.029296875
4 0.16064453125 0.53125 0.0224609375 0.02734375
4 0.18115234375 0.5400390625 0.0244140625 0.033203125
4 0.1923828125 0.548828125 0.01953125 0.02734375
4 0.2138671875 0.560546875 0.02734375 0.03125
4 0.2265625 0.56787109375 0.021484375 0.0322265625
4 0.24462890625 0.5732421875 0.0302734375 0.037109375
4 0.2548828125 0.5849609375 0.0234375 0.02734375
4 0.2880859375 0.6015625 0.025390625 0.033203125
4 0.318359375 0.62158203125 0.0234375 0.0302734375
4 0.3525390625 0.63671875 0.025390625 0.03515625
4 0.36962890625 0.64697265625 0.0205078125 0.0322265625
4 0.3818359375 0.6552734375 0.021484375 0.033203125
4 0.3994140625 0.6669921875 0.029296875 0.037109375
4 0.06884765625 0.587890625 0.0537109375 0.044921875
4 0.12353515625 0.62255859375 0.0478515625 0.0380859375
4 0.69775390625 0.64794921875 0.0244140625 0.0341796875
4 0.67822265625 0.64306640625 0.0166015625 0.0244140625
4 0.02099609375 0.45751953125 0.0361328125 0.0322265625
4 0.6328125 0.38623046875 0.02734375 0.0322265625
4 0.71923828125 0.48974609375 0.0263671875 0.0361328125
4 0.75927734375 0.45263671875 0.0263671875 0.0380859375
4 0.7412109375 0.44384765625 0.0234375 0.0361328125
4 0.72705078125 0.4365234375 0.0302734375 0.04296875
4 0.671875 0.462890625 0.02734375 0.037109375
4 0.7099609375 0.42626953125 0.025390625 0.0341796875
4 0.69482421875 0.41748046875 0.0302734375 0.0439453125
4 0.654296875 0.45458984375 0.01953125 0.0302734375
4 0.64111328125 0.4453125 0.0263671875 0.037109375
4 0.6083984375 0.4345703125 0.025390625 0.03515625
4 0.68017578125 0.40966796875 0.0263671875 0.0380859375
4 0.66259765625 0.40478515625 0.0263671875 0.0361328125
4 0.5771484375 0.416015625 0.0234375 0.033203125
4 0.6640625 0.63623046875 0.0234375 0.0380859375
4 0.55908203125 0.4072265625 0.0283203125 0.041015625
4 0.54345703125 0.400390625 0.0263671875 0.033203125
4 0.58349609375 0.35888671875 0.0322265625 0.0419921875
4 0.5693359375 0.3515625 0.02734375 0.033203125
4 0.5107421875 0.3828125 0.033203125 0.0390625
4 0.54833984375 0.345703125 0.0263671875 0.033203125
4 0.53564453125 0.333984375 0.0244140625 0.0390625
4 0.494140625 0.3740234375 0.021484375 0.03125
4 0.478515625 0.3681640625 0.025390625 0.03515625
4 0.50439453125 0.318359375 0.0244140625 0.037109375
4 0.447265625 0.353515625 0.025390625 0.033203125
4 0.431640625 0.3427734375 0.02734375 0.0390625
4 0.7744140625 0.462890625 0.02734375 0.0390625
4 0.7392578125 0.498046875 0.0234375 0.03515625
4 0.79248046875 0.46875 0.0302734375 0.03515625
4 0.80859375 0.4794921875 0.02734375 0.041015625
4 0.6884765625 0.595703125 0.0234375 0.03125
4 0.6708984375 0.58251953125 0.033203125 0.0419921875
4 0.6435546875 0.626953125 0.025390625 0.03125
4 0.599609375 0.60400390625 0.029296875 0.0341796875
4 0.6376953125 0.564453125 0.0234375 0.033203125
4 0.62451171875 0.55712890625 0.0244140625 0.0361328125
4 0.6064453125 0.54541015625 0.025390625 0.0322265625
4 0.568359375 0.583984375 0.029296875 0.0390625
4 0.55029296875 0.56982421875 0.0244140625 0.0361328125
4 0.5361328125 0.5634765625 0.029296875 0.041015625
4 0.57568359375 0.52734375 0.0224609375 0.029296875
4 0.5712890625 0.544921875 0.021484375 0.017578125
4 0.5185546875 0.5546875 0.03125 0.04296875
4 0.50390625 0.548828125 0.03125 0.041015625
4 0.4873046875 0.5361328125 0.0234375 0.03125
4 0.47314453125 0.5302734375 0.0263671875 0.03125
4 0.56103515625 0.51806640625 0.0263671875 0.0361328125
4 0.544921875 0.50927734375 0.02734375 0.0341796875
4 0.529296875 0.49951171875 0.03125 0.0400390625
4 0.5107421875 0.4951171875 0.029296875 0.037109375
4 0.5 0.48583984375 0.025390625 0.0341796875
4 0.439453125 0.5146484375 0.02734375 0.033203125
4 0.4794921875 0.474609375 0.029296875 0.03515625
4 0.4462890625 0.45849609375 0.02734375 0.0361328125
4 0.78857421875 0.52294921875 0.0283203125 0.0400390625
4 0.0185546875 0.4755859375 0.029296875 0.02734375
4 0.02734375 0.44580078125 0.0390625 0.0322265625
4 0.11328125 0.0966796875 0.03515625 0.04296875
4 0.34326171875 0.02490234375 0.0322265625 0.0439453125
4 0.4130859375 0.07470703125 0.03125 0.0458984375
4 0.29296875 0.12353515625 0.03515625 0.0498046875
4 0.33642578125 0.10205078125 0.0185546875 0.0244140625
4 0.41064453125 0.14013671875 0.0224609375 0.0283203125
4 0.1806640625 0.0869140625 0.03515625 0.046875
4 0.16845703125 0.0810546875 0.0302734375 0.0390625
4 0.12158203125 0.08349609375 0.0341796875 0.0400390625
4 0.19921875 0.13427734375 0.041015625 0.0185546875
4 0.10400390625 0.10986328125 0.0322265625 0.0478515625
4 0.044921875 0.21826171875 0.046875 0.0322265625
4 0.09375 0.12451171875 0.02734375 0.0341796875
4 0.0849609375 0.1357421875 0.03125 0.033203125
4 0.07958984375 0.14990234375 0.0322265625 0.0361328125
4 0.1875 0.1484375 0.037109375 0.017578125
4 0.181640625 0.16455078125 0.037109375 0.0185546875
4 0.0693359375 0.16064453125 0.03515625 0.0322265625
4 0.17822265625 0.1767578125 0.0380859375 0.015625
4 0.17333984375 0.18798828125 0.0341796875 0.0166015625
4 0.064453125 0.17578125 0.048828125 0.0390625
4 0.16748046875 0.2001953125 0.0341796875 0.015625
4 0.18701171875 0.224609375 0.0478515625 0.03515625
4 0.0537109375 0.1884765625 0.044921875 0.03515625
5 0.75830078125 0.099609375 0.4833984375 0.197265625
5 0.6142578125 0.193359375 0.62890625 0.375
5 0.5234375 0.35595703125 0.611328125 0.3818359375
5 0.4501953125 0.4892578125 0.609375 0.392578125
5 0.3828125 0.62109375 0.6015625 0.40234375
4 0.0458984375 0.20166015625 0.041015625 0.0302734375
4 0.169921875 0.2607421875 0.044921875 0.037109375
4 0.037109375 0.43603515625 0.041015625 0.0322265625
4 0.37109375 0.416015625 0.01953125 0.03125
4 0.4169921875 0.3369140625 0.0234375 0.02734375
4 0.25537109375 0.35791015625 0.0283203125 0.0302734375
4 0.2763671875 0.36376953125 0.02734375 0.0361328125
4 0.2890625 0.37158203125 0.02734375 0.0341796875
4 0.3076171875 0.38427734375 0.029296875 0.0361328125
4 0.32275390625 0.39013671875 0.0263671875 0.0380859375
4 0.33740234375 0.40087890625 0.0302734375 0.0380859375
4 0.2333984375 0.40087890625 0.02734375 0.0361328125
4 0.2041015625 0.3779296875 0.025390625 0.03125
4 0.1865234375 0.37451171875 0.02734375 0.0361328125
4 0.15625 0.373046875 0.03125 0.0390625
4 0.05615234375 0.40185546875 0.0322265625 0.0322265625
4 0.38525390625 0.4228515625 0.0302734375 0.037109375
4 0.228515625 0.23974609375 0.037109375 0.0498046875
4 0.28515625 0.4296875 0.0234375 0.033203125
4 0.3134765625 0.44677734375 0.025390625 0.0322265625
4 0.33056640625 0.44580078125 0.0283203125 0.0322265625
4 0.34716796875 0.4619140625 0.0205078125 0.03125
4 0.35888671875 0.4677734375 0.0205078125 0.025390625
4 0.3779296875 0.478515625 0.02734375 0.03515625
4 0.39306640625 0.486328125 0.0283203125 0.03515625
4 0.421875 0.50390625 0.0234375 0.033203125
4 0.1474609375 0.455078125 0.02734375 0.033203125
4 0.11962890625 0.4404296875 0.0244140625 0.033203125
4 0.15869140625 0.46337890625 0.0224609375 0.0263671875
4 0.1767578125 0.47509765625 0.025390625 0.0302734375
4 0.2109375 0.33056640625 0.033203125 0.0439453125
4 0.05859375 0.3837890625 0.0390625 0.046875
4 0.07861328125 0.3544921875 0.0263671875 0.03125
4 0.08447265625 0.3388671875 0.0302734375 0.0390625
4 0.27978515625 0.2060546875 0.0205078125 0.03125
4 0.2607421875 0.17578125 0.01953125 0.025390625
4 0.3232421875 0.22900390625 0.029296875 0.0400390625
4 0.34326171875 0.23681640625 0.0263671875 0.0361328125
4 0.35498046875 0.24853515625 0.0224609375 0.0341796875
4 0.37646484375 0.25439453125 0.0263671875 0.0380859375
4 0.3896484375 0.2646484375 0.0234375 0.029296875
4 0.4072265625 0.27099609375 0.025390625 0.0380859375
4 0.4189453125 0.28125 0.0234375 0.033203125
4 0.25439453125 0.25146484375 0.0166015625 0.0283203125
4 0.267578125 0.26025390625 0.021484375 0.0283203125
4 0.31982421875 0.283203125 0.0224609375 0.03125
4 0.3330078125 0.29052734375 0.025390625 0.0361328125
4 0.35498046875 0.3037109375 0.0205078125 0.02734375
4 0.3662109375 0.310546875 0.021484375 0.029296875
4 0.38427734375 0.31689453125 0.0244140625 0.0322265625
4 0.396484375 0.32373046875 0.025390625 0.0341796875
4 0.1640625 0.2763671875 0.046875 0.03515625
4 0.123046875 0.2705078125 0.033203125 0.0390625
4 0.11279296875 0.279296875 0.0439453125 0.044921875
4 0.1044921875 0.2958984375 0.037109375 0.04296875
4 0.09814453125 0.31103515625 0.0322265625 0.0400390625
4 0.03369140625 0.23583984375 0.0419921875 0.0146484375
4 0.025390625 0.25048828125 0.041015625 0.0146484375
4 0.09033203125 0.32568359375 0.0302734375 0.0380859375
4 0.4853515625 0.31201171875 0.03125 0.0400390625
4 0.47119140625 0.302734375 0.0244140625 0.03515625
4 0.455078125 0.29541015625 0.021484375 0.0302734375
4 0.4384765625 0.291015625 0.03125 0.0390625
4 0.953125 0.1611328125 0.021484375 0.033203125
4 0.84619140625 0.0595703125 0.0302734375 0.044921875
4 0.90673828125 0.078125 0.0244140625 0.03515625
4 0.982421875 0.1376953125 0.03515625 0.068359375
4 0.908203125 0.146484375 0.03125 0.04296875
4 0.884765625 0.13134765625 0.03125 0.0400390625
4 0.8291015625 0.267578125 0.033203125 0.04296875
4 0.8505859375 0.2734375 0.041015625 0.05078125
4 0.8662109375 0.287109375 0.029296875 0.037109375
4 0.88525390625 0.2958984375 0.0361328125 0.048828125
4 0.82470703125 0.3291015625 0.0283203125 0.0390625
4 0.84033203125 0.333984375 0.0283203125 0.03515625
4 0.86474609375 0.34521484375 0.0283203125 0.0380859375
4 0.8974609375 0.32373046875 0.041015625 0.0615234375
4 0.69384765625 0.00732421875 0.0146484375 0.0126953125
4 0.67431640625 0.00390625 0.0166015625 0.005859375
4 0.63427734375 0.02587890625 0.0322265625 0.0439453125
4 0.61767578125 0.02099609375 0.0322265625 0.0400390625
4 0.5927734375 0.0126953125 0.0234375 0.0234375
4 0.5703125 0.01611328125 0.029296875 0.0302734375
4 0.65869140625 0.03564453125 0.0341796875 0.0517578125
4 0.67626953125 0.04248046875 0.0263671875 0.0419921875
4 0.72314453125 0.009765625 0.0185546875 0.017578125
4 0.7607421875 0.07763671875 0.0234375 0.0400390625
4 0.7275390625 0.283203125 0.03125 0.044921875
4 0.74609375 0.29248046875 0.037109375 0.0478515625
4 0.7666015625 0.29833984375 0.029296875 0.0400390625
4 0.78662109375 0.31201171875 0.0302734375 0.0419921875
4 0.80126953125 0.32080078125 0.0205078125 0.0341796875
4 0.81005859375 0.25927734375 0.0263671875 0.0419921875
4 0.79052734375 0.2490234375 0.0283203125 0.04296875
4 0.7734375 0.244140625 0.02734375 0.044921875
4 0.67578125 0.2578125 0.02734375 0.041015625
4 0.712890625 0.21923828125 0.025390625 0.0419921875
4 0.69775390625 0.208984375 0.0302734375 0.046875
4 0.6767578125 0.19873046875 0.033203125 0.0439453125
4 0.66015625 0.189453125 0.033203125 0.048828125
4 0.61669921875 0.2275390625 0.0322265625 0.04296875
4 0.578125 0.21533203125 0.03515625 0.0498046875
4 0.53955078125 0.19775390625 0.0341796875 0.0478515625
4 0.5654296875 0.14306640625 0.037109375 0.0556640625
4 0.55029296875 0.13427734375 0.0244140625 0.0361328125
4 0.50244140625 0.1767578125 0.0205078125 0.033203125
4 0.5244140625 0.1298828125 0.029296875 0.04296875
4 0.44873046875 0.15087890625 0.0341796875 0.0439453125
4 0.4267578125 0.14404296875 0.03125 0.0439453125
4 0.45068359375 0.0888671875 0.0263671875 0.0390625
4 0.7890625 0.0859375 0.029296875 0.04296875
4 0.8046875 0.03564453125 0.03125 0.0458984375
