0 0.39111328125 0.1806640625 0.0361328125 0.0234375
1 0.74560546875 0.26953125 0.1005859375 0.048828125
1 0.37451171875 0.8798828125 0.1025390625 0.05078125
1 0.3828125 0.90625 0.1015625 0.046875
1 0.39111328125 0.93212890625 0.1044921875 0.0478515625
1 0.39794921875 0.95556640625 0.1044921875 0.0498046875
1 0.54931640625 0.35595703125 0.0986328125 0.0458984375
1 0.5546875 0.38330078125 0.103515625 0.0517578125
1 0.5625 0.40869140625 0.1015625 0.0517578125
1 0.7529296875 0.29638671875 0.099609375 0.0478515625
1 0.35888671875 0.82763671875 0.1025390625 0.0458984375
1 0.75927734375 0.3232421875 0.0947265625 0.046875
1 0.7666015625 0.34765625 0.09765625 0.048828125
1 0.77587890625 0.3740234375 0.0966796875 0.046875
1 0.78369140625 0.39794921875 0.0986328125 0.0498046875
1 0.5703125 0.43408203125 0.1015625 0.0517578125
1 0.7890625 0.42431640625 0.09765625 0.0478515625
1 0.5791015625 0.462890625 0.103515625 0.048828125
1 0.3671875 0.853515625 0.103515625 0.046875
1 0.35205078125 0.802734375 0.1025390625 0.046875
0 0.35302734375 0.19140625 0.0380859375 0.025390625
1 0.2978515625 0.62158203125 0.1015625 0.0458984375
1 0.23779296875 0.5576171875 0.0498046875 0.1015625
1 0.265625 0.55126953125 0.05078125 0.1025390625
1 0.30615234375 0.6474609375 0.1005859375 0.052734375
1 0.34375 0.77587890625 0.103515625 0.0458984375
1 0.49755859375 0.5712890625 0.1025390625 0.046875
1 0.50537109375 0.59619140625 0.1044921875 0.0458984375
1 0.5126953125 0.623046875 0.103515625 0.044921875
1 0.31298828125 0.671875 0.1025390625 0.048828125
1 0.3203125 0.69970703125 0.099609375 0.0498046875
1 0.32861328125 0.72509765625 0.1025390625 0.0478515625
1 0.3359375 0.75146484375 0.1015625 0.0458984375
1 0.58642578125 0.48876953125 0.1025390625 0.0498046875
1 0.80126953125 0.44921875 0.1025390625 0.048828125
1 0.60205078125 0.5419921875 0.1025390625 0.05078125
1 0.63916015625 0.9853515625 0.0986328125 0.029296875
1 0.69873046875 0.8564453125 0.1025390625 0.048828125
1 0.70654296875 0.8828125 0.1025390625 0.046875
1 0.60205078125 0.9189453125 0.1025390625 0.048828125
1 0.72607421875 0.90673828125 0.0810546875 0.0419921875
1 0.90380859375 0.80078125 0.0986328125 0.05078125
1 0.9091796875 0.82470703125 0.09765625 0.0458984375
1 0.9091796875 0.85107421875 0.080078125 0.0419921875
1 0.81591796875 0.4990234375 0.1005859375 0.046875
0 0.08056640625 0.2333984375 0.0380859375 0.025390625
0 0.14208984375 0.1982421875 0.0361328125 0.0234375
0 0.22802734375 0.2041015625 0.0400390625 0.025390625
0 0.279296875 0.1015625 0.0390625 0.029296875
0 0.54052734375 0.01953125 0.0400390625 0.029296875
1 0.59521484375 0.89306640625 0.1025390625 0.0478515625
1 0.587890625 0.86865234375 0.1015625 0.0478515625
1 0.6904296875 0.830078125 0.099609375 0.048828125
1 0.5791015625 0.841796875 0.1015625 0.048828125
1 0.6123046875 0.5673828125 0.103515625 0.048828125
1 0.6201171875 0.59375 0.103515625 0.048828125
1 0.62890625 0.6201171875 0.1015625 0.046875
1 0.8154296875 0.5556640625 0.083984375 0.046875
1 0.82568359375 0.580078125 0.0810546875 0.04296875
1 0.84033203125 0.60302734375 0.0908203125 0.0439453125
1 0.853515625 0.6279296875 0.099609375 0.046875
1 0.86181640625 0.65380859375 0.1005859375 0.0498046875
1 0.869140625 0.677734375 0.099609375 0.046875
1 0.87744140625 0.7001953125 0.1025390625 0.05078125
1 0.88427734375 0.7265625 0.1005859375 0.046875
1 0.89013671875 0.7509765625 0.1005859375 0.046875
1 0.89794921875 0.7734375 0.0986328125 0.05078125
1 0.68212890625 0.80224609375 0.1005859375 0.0478515625
1 0.79833984375 0.80322265625 0.0849609375 0.0849609375
