1 0.3046875 0.3505859375 0.041015625 0.01171875
1 0.3046875 0.28369140625 0.04296875 0.0126953125
1 0.263671875 0.283203125 0.0234375 0.0078125
1 0.2578125 0.3095703125 0.037109375 0.01171875
1 0.25732421875 0.32470703125 0.0400390625 0.0107421875
1 0.2607421875 0.337890625 0.03515625 0.01171875
1 0.2578125 0.35009765625 0.0390625 0.0126953125
1 0.25830078125 0.36376953125 0.0380859375 0.0107421875
1 0.25634765625 0.37548828125 0.0400390625 0.0126953125
1 0.25634765625 0.4052734375 0.0380859375 0.013671875
1 0.31005859375 0.255859375 0.0400390625 0.01171875
1 0.3056640625 0.2978515625 0.041015625 0.013671875
1 0.3037109375 0.3642578125 0.041015625 0.01171875
1 0.30615234375 0.37841796875 0.0419921875 0.0107421875
1 0.3291015625 0.41845703125 0.0390625 0.0126953125
1 0.08935546875 0.33203125 0.0380859375 0.015625
1 0.09423828125 0.3935546875 0.0380859375 0.017578125
1 0.095703125 0.4853515625 0.01171875 0.03515625
1 0.1142578125 0.48193359375 0.017578125 0.0341796875
1 0.1328125 0.48046875 0.013671875 0.03515625
1 0.14794921875 0.48046875 0.0126953125 0.033203125
1 0.2587890625 0.25439453125 0.0390625 0.0107421875
1 0.09326171875 0.40673828125 0.0419921875 0.0205078125
1 0.08984375 0.3447265625 0.0390625 0.015625
1 0.09033203125 0.35498046875 0.0361328125 0.0146484375
1 0.1630859375 0.47802734375 0.01171875 0.0341796875
1 0.1787109375 0.50146484375 0.009765625 0.0517578125
1 0.25732421875 0.390625 0.0400390625 0.01171875
1 0.306640625 0.3115234375 0.041015625 0.01171875
1 0.2587890625 0.2705078125 0.03515625 0.009765625
