0 0.8876953125 0.27001953125 0.015625 0.0263671875
1 0.40966796875 0.33740234375 0.0908203125 0.0322265625
1 0.28466796875 0.43505859375 0.0439453125 0.0556640625
1 0.30908203125 0.4296875 0.0478515625 0.056640625
1 0.3349609375 0.42236328125 0.046875 0.0595703125
1 0.37890625 0.41455078125 0.0625 0.0810546875
1 0.40478515625 0.412109375 0.0439453125 0.05859375
1 0.302734375 0.35888671875 0.08984375 0.0322265625
1 0.49072265625 0.32080078125 0.0595703125 0.0244140625
1 0.20556640625 0.2119140625 0.0595703125 0.033203125
1 0.279296875 0.1982421875 0.060546875 0.03125
1 0.31494140625 0.19189453125 0.0595703125 0.0302734375
1 0.38671875 0.17724609375 0.05859375 0.0302734375
1 0.427734375 0.171875 0.05859375 0.029296875
1 0.466796875 0.1650390625 0.060546875 0.029296875
1 0.45556640625 0.39697265625 0.0458984375 0.0576171875
1 0.24365234375 0.43994140625 0.0634765625 0.0830078125
1 0.17041015625 0.45556640625 0.0400390625 0.0537109375
1 0.5244140625 0.38671875 0.046875 0.05859375
1 0.14990234375 0.45751953125 0.0595703125 0.0810546875
1 0.013671875 0.486328125 0.025390625 0.046875
1 0.056640625 0.47314453125 0.046875 0.0576171875
1 0.0751953125 0.4755859375 0.0546875 0.068359375
1 0.10107421875 0.4658203125 0.0458984375 0.056640625
1 0.15478515625 0.51904296875 0.0595703125 0.0263671875
1 0.48095703125 0.39013671875 0.0595703125 0.0849609375
1 0.54345703125 0.38671875 0.0439453125 0.0546875
1 0.81396484375 0.3203125 0.0458984375 0.0625
1 0.78857421875 0.32666015625 0.0439453125 0.0517578125
1 0.57080078125 0.37548828125 0.0458984375 0.0595703125
1 0.6806640625 0.12353515625 0.05859375 0.0283203125
1 0.59619140625 0.36865234375 0.0458984375 0.0576171875
1 0.56494140625 0.30615234375 0.0576171875 0.0244140625
1 0.5390625 0.1513671875 0.060546875 0.03125
1 0.56640625 0.140625 0.05859375 0.03125
1 0.611328125 0.13818359375 0.06640625 0.0341796875
1 0.6533203125 0.13330078125 0.060546875 0.0322265625
1 0.70947265625 0.11474609375 0.0595703125 0.0302734375
1 0.76025390625 0.33642578125 0.0439453125 0.0615234375
1 0.7568359375 0.11083984375 0.0625 0.0283203125
1 0.6171875 0.3671875 0.04296875 0.056640625
1 0.638671875 0.36669921875 0.04296875 0.0556640625
1 0.66455078125 0.3583984375 0.0478515625 0.060546875
1 0.72412109375 0.330078125 0.0400390625 0.052734375
1 0.73974609375 0.3369140625 0.0458984375 0.060546875
0 0.875 0.19482421875 0.015625 0.0263671875
0 0.2607421875 0.2685546875 0.01171875 0.021484375
0 0.29736328125 0.318359375 0.0166015625 0.0234375
0 0.3095703125 0.31787109375 0.015625 0.0224609375
0 0.32421875 0.31591796875 0.017578125 0.0244140625
0 0.3359375 0.3154296875 0.013671875 0.025390625
0 0.34765625 0.31201171875 0.015625 0.0205078125
0 0.359375 0.30712890625 0.013671875 0.0166015625
0 0.27197265625 0.26611328125 0.0126953125 0.0224609375
0 0.271484375 0.328125 0.013671875 0.021484375
0 0.283203125 0.26513671875 0.013671875 0.0244140625
0 0.29736328125 0.2626953125 0.0126953125 0.0234375
0 0.314453125 0.26123046875 0.013671875 0.0224609375
0 0.3251953125 0.25732421875 0.015625 0.0244140625
0 0.33837890625 0.25439453125 0.0126953125 0.0224609375
0 0.35107421875 0.25341796875 0.0126953125 0.0244140625
0 0.28515625 0.3212890625 0.01171875 0.01953125
0 0.26025390625 0.3291015625 0.0166015625 0.025390625
0 0.375 0.24755859375 0.013671875 0.0244140625
0 0.189453125 0.2822265625 0.015625 0.021484375
0 0.19677734375 0.34130859375 0.0146484375 0.0205078125
0 0.1435546875 0.291015625 0.015625 0.0234375
0 0.1474609375 0.2392578125 0.025390625 0.015625
0 0.15625 0.2861328125 0.013671875 0.0234375
0 0.1669921875 0.287109375 0.015625 0.025390625
0 0.177734375 0.2841796875 0.015625 0.025390625
0 0.20751953125 0.27880859375 0.0126953125 0.0224609375
0 0.2470703125 0.3310546875 0.013671875 0.025390625
0 0.21875 0.2763671875 0.015625 0.0234375
0 0.23095703125 0.27587890625 0.0146484375 0.0244140625
0 0.2412109375 0.27197265625 0.015625 0.0263671875
0 0.21044921875 0.337890625 0.0166015625 0.02734375
0 0.22412109375 0.33544921875 0.0146484375 0.0244140625
0 0.2353515625 0.33203125 0.015625 0.0234375
0 0.36181640625 0.2509765625 0.0146484375 0.025390625
0 0.37158203125 0.30712890625 0.0126953125 0.0244140625
0 0.16650390625 0.34716796875 0.0146484375 0.0224609375
0 0.4892578125 0.28515625 0.015625 0.025390625
0 0.41162109375 0.298828125 0.0146484375 0.0234375
0 0.42431640625 0.294921875 0.0146484375 0.025390625
0 0.435546875 0.29345703125 0.013671875 0.0244140625
0 0.44873046875 0.2919921875 0.0185546875 0.025390625
0 0.46435546875 0.29150390625 0.0146484375 0.0283203125
0 0.4765625 0.28466796875 0.015625 0.0224609375
0 0.50537109375 0.279296875 0.0166015625 0.025390625
0 0.62890625 0.19580078125 0.013671875 0.0224609375
0 0.515625 0.27685546875 0.015625 0.0263671875
0 0.5263671875 0.2734375 0.015625 0.0234375
0 0.53955078125 0.2724609375 0.0146484375 0.025390625
0 0.86083984375 0.12255859375 0.0146484375 0.0244140625
0 0.8662109375 0.14599609375 0.01171875 0.0205078125
0 0.869140625 0.1689453125 0.017578125 0.025390625
0 0.3935546875 0.302734375 0.015625 0.0234375
0 0.6171875 0.201171875 0.013671875 0.021484375
0 0.3818359375 0.306640625 0.013671875 0.0234375
0 0.458984375 0.23046875 0.013671875 0.0234375
0 0.38623046875 0.24609375 0.0126953125 0.025390625
0 0.3974609375 0.2431640625 0.015625 0.0234375
0 0.41162109375 0.23974609375 0.0126953125 0.0205078125
0 0.421875 0.23876953125 0.013671875 0.0224609375
0 0.43408203125 0.23583984375 0.0126953125 0.0185546875
0 0.4462890625 0.232421875 0.013671875 0.021484375
0 0.4697265625 0.22802734375 0.013671875 0.0244140625
0 0.6044921875 0.20263671875 0.015625 0.0244140625
0 0.48388671875 0.2275390625 0.0146484375 0.025390625
0 0.49658203125 0.2216796875 0.0146484375 0.02734375
0 0.50830078125 0.21923828125 0.0146484375 0.0224609375
0 0.5283203125 0.21728515625 0.013671875 0.0244140625
0 0.548828125 0.2138671875 0.013671875 0.0234375
0 0.59326171875 0.2041015625 0.0146484375 0.0234375
0 0.18017578125 0.34521484375 0.0146484375 0.0263671875
0 0.15576171875 0.35205078125 0.0126953125 0.0224609375
0 0.13818359375 0.353515625 0.0126953125 0.021484375
0 0.0390625 0.37060546875 0.015625 0.0263671875
0 0.08349609375 0.3017578125 0.0146484375 0.021484375
0 0.09716796875 0.298828125 0.0166015625 0.0234375
0 0.111328125 0.296875 0.017578125 0.025390625
0 0.12451171875 0.29541015625 0.0146484375 0.0244140625
0 0.0126953125 0.3740234375 0.017578125 0.025390625
0 0.025390625 0.373046875 0.01171875 0.01953125
0 0.05126953125 0.36865234375 0.0166015625 0.0244140625
0 0.06005859375 0.30810546875 0.0166015625 0.0244140625
0 0.06494140625 0.3681640625 0.0146484375 0.025390625
0 0.078125 0.36279296875 0.01171875 0.0244140625
0 0.09130859375 0.36328125 0.0146484375 0.025390625
0 0.10400390625 0.35791015625 0.0146484375 0.0224609375
0 0.115234375 0.359375 0.013671875 0.021484375
0 0.12744140625 0.3564453125 0.0146484375 0.0234375
0 0.072265625 0.3046875 0.013671875 0.021484375
0 0.04833984375 0.3095703125 0.0166015625 0.025390625
0 0.037109375 0.310546875 0.015625 0.0234375
0 0.0029296875 0.31787109375 0.00390625 0.0224609375
0 0.0146484375 0.31494140625 0.017578125 0.0263671875
0 0.02587890625 0.3125 0.0146484375 0.0234375
