5 0.9794921875 0.9765625 0.041015625 0.046875
5 0.9248046875 0.95263671875 0.1171875 0.0947265625
5 0.87841796875 0.92578125 0.1123046875 0.115234375
5 0.3134765625 0.45458984375 0.10546875 0.1220703125
5 0.20703125 0.38916015625 0.095703125 0.1162109375
5 0.1513671875 0.34814453125 0.08203125 0.0966796875
5 0.10400390625 0.30615234375 0.0869140625 0.0966796875
5 0.8681640625 0.85791015625 0.041015625 0.0458984375
5 0.0546875 0.283203125 0.107421875 0.119140625
5 0.79931640625 0.8623046875 0.1181640625 0.1328125
5 0.7744140625 0.78759765625 0.083984375 0.0888671875
5 0.724609375 0.76171875 0.123046875 0.1328125
5 0.6875 0.7109375 0.115234375 0.12890625
5 0.63623046875 0.6865234375 0.1201171875 0.134765625
5 0.6142578125 0.62646484375 0.07421875 0.0830078125
5 0.54833984375 0.60546875 0.1025390625 0.123046875
5 0.49755859375 0.56591796875 0.1142578125 0.1240234375
5 0.42529296875 0.47998046875 0.0830078125 0.0966796875
5 0.02978515625 0.14892578125 0.0576171875 0.0869140625
5 0.04931640625 0.22705078125 0.0966796875 0.1220703125
