5 0.27880859375 0.3837890625 0.0947265625 0.044921875
5 0.3447265625 0.666015625 0.123046875 0.078125
5 0.3046875 0.60205078125 0.12890625 0.0673828125
5 0.298828125 0.5263671875 0.12109375 0.048828125
5 0.28955078125 0.4453125 0.1201171875 0.07421875
5 0.25 0.3359375 0.115234375 0.052734375
5 0.2021484375 0.28125 0.150390625 0.0703125
5 0.1953125 0.220703125 0.126953125 0.04296875
5 0.24609375 0.1513671875 0.072265625 0.03125
5 0.24853515625 0.10400390625 0.0751953125 0.0380859375
5 0.2607421875 0.0458984375 0.068359375 0.041015625
5 0.51806640625 0.85888671875 0.0810546875 0.0966796875
5 0.64111328125 0.89111328125 0.0927734375 0.1083984375
5 0.7060546875 0.91064453125 0.099609375 0.1083984375
5 0.74462890625 0.947265625 0.1123046875 0.10546875
5 0.81494140625 0.955078125 0.0966796875 0.08984375
5 0.87890625 0.9853515625 0.046875 0.029296875
