5 0.49755859375 0.7060546875 0.0458984375 0.123046875
5 0.42236328125 0.703125 0.0478515625 0.12890625
5 0.373046875 0.6845703125 0.048828125 0.146484375
5 0.57861328125 0.6044921875 0.0634765625 0.12109375
5 0.54248046875 0.716796875 0.0458984375 0.111328125
5 0.63037109375 0.71240234375 0.0576171875 0.0986328125
5 0.7099609375 0.71923828125 0.0703125 0.1396484375
5 0.96875 0.82861328125 0.0625 0.1181640625
5 0.88330078125 0.77978515625 0.0888671875 0.1376953125
5 0.791015625 0.75634765625 0.072265625 0.1220703125
