0 0.92236328125 0.140625 0.0341796875 0.021484375
1 0.24365234375 0.96630859375 0.0771484375 0.0654296875
1 0.271484375 0.94384765625 0.091796875 0.0732421875
1 0.28662109375 0.9248046875 0.0927734375 0.0703125
1 0.29931640625 0.90283203125 0.0947265625 0.0732421875
1 0.2080078125 0.75244140625 0.103515625 0.1376953125
1 0.2919921875 0.6298828125 0.1015625 0.12890625
1 0.69482421875 0.0478515625 0.0888671875 0.09375
1 0.62255859375 0.14794921875 0.1025390625 0.1298828125
1 0.5390625 0.26953125 0.103515625 0.13671875
1 0.45751953125 0.38916015625 0.1044921875 0.1318359375
1 0.37353515625 0.5107421875 0.1005859375 0.130859375
1 0.380859375 0.95751953125 0.091796875 0.0732421875
0 0.939453125 0.16796875 0.046875 0.029296875
0 0.6552734375 0.50634765625 0.033203125 0.0380859375
0 0.78564453125 0.32373046875 0.0341796875 0.0380859375
0 0.74658203125 0.30078125 0.0419921875 0.044921875
0 0.8095703125 0.28955078125 0.04296875 0.0498046875
0 0.83203125 0.29443359375 0.03125 0.0400390625
0 0.8994140625 0.2607421875 0.044921875 0.025390625
0 0.78662109375 0.2783203125 0.0302734375 0.037109375
0 0.77294921875 0.263671875 0.0341796875 0.037109375
0 0.75537109375 0.251953125 0.0361328125 0.0390625
0 0.72900390625 0.29052734375 0.0341796875 0.0400390625
0 0.712890625 0.2783203125 0.03515625 0.0390625
0 0.734375 0.2421875 0.037109375 0.044921875
0 0.6953125 0.265625 0.03125 0.037109375
0 0.67431640625 0.25390625 0.0380859375 0.0390625
0 0.70068359375 0.21875 0.0439453125 0.048828125
0 0.71484375 0.23046875 0.03125 0.037109375
0 0.8603515625 0.2158203125 0.033203125 0.0390625
0 0.83935546875 0.20703125 0.0380859375 0.041015625
0 0.81982421875 0.1943359375 0.0361328125 0.041015625
0 0.8037109375 0.18115234375 0.037109375 0.0361328125
0 0.78662109375 0.16943359375 0.0341796875 0.0380859375
0 0.76708984375 0.154296875 0.0341796875 0.0390625
0 0.74658203125 0.14208984375 0.0341796875 0.0400390625
0 0.765625 0.31640625 0.03515625 0.04296875
0 0.86767578125 0.3388671875 0.0439453125 0.033203125
0 0.6767578125 0.51904296875 0.03125 0.0341796875
0 0.64501953125 0.3359375 0.0439453125 0.052734375
0 0.6953125 0.53125 0.033203125 0.041015625
0 0.724609375 0.5458984375 0.03125 0.044921875
0 0.81494140625 0.5234375 0.0576171875 0.037109375
0 0.76953125 0.61083984375 0.037109375 0.0244140625
0 0.689453125 0.58154296875 0.03515625 0.0419921875
0 0.70654296875 0.59228515625 0.0341796875 0.0380859375
0 0.82080078125 0.46728515625 0.0478515625 0.0361328125
0 0.93359375 0.4697265625 0.03125 0.041015625
0 0.74853515625 0.4609375 0.0380859375 0.041015625
0 0.77001953125 0.4267578125 0.0341796875 0.041015625
0 0.84521484375 0.3955078125 0.0419921875 0.029296875
0 0.75390625 0.4111328125 0.033203125 0.041015625
0 0.71142578125 0.431640625 0.0341796875 0.0390625
0 0.69384765625 0.4189453125 0.0361328125 0.0390625
0 0.71533203125 0.3896484375 0.0341796875 0.0390625
0 0.73291015625 0.39892578125 0.0341796875 0.0380859375
0 0.69970703125 0.3720703125 0.0322265625 0.037109375
0 0.6806640625 0.3642578125 0.0390625 0.044921875
0 0.65380859375 0.4013671875 0.0341796875 0.041015625
0 0.63623046875 0.3876953125 0.0361328125 0.0390625
0 0.66357421875 0.34765625 0.0341796875 0.0390625
0 0.5029296875 0.92724609375 0.03515625 0.0380859375
0 0.58935546875 0.9345703125 0.0302734375 0.044921875
0 0.521484375 0.93798828125 0.03125 0.0341796875
0 0.39453125 0.8544921875 0.037109375 0.04296875
0 0.60546875 0.46923828125 0.033203125 0.0361328125
0 0.59912109375 0.3603515625 0.0341796875 0.0390625
0 0.625 0.3251953125 0.04296875 0.048828125
0 0.61865234375 0.373046875 0.0380859375 0.041015625
0 0.6259765625 0.4775390625 0.04296875 0.048828125
0 0.58984375 0.45703125 0.033203125 0.037109375
0 0.34521484375 0.8154296875 0.0341796875 0.037109375
0 0.5732421875 0.4384765625 0.033203125 0.041015625
0 0.3251953125 0.8037109375 0.033203125 0.037109375
0 0.302734375 0.79541015625 0.037109375 0.0361328125
0 0.365234375 0.78271484375 0.037109375 0.0380859375
0 0.626953125 0.796875 0.044921875 0.056640625
0 0.49169921875 0.71484375 0.0400390625 0.04296875
0 0.4404296875 0.673828125 0.033203125 0.0390625
0 0.37646484375 0.6865234375 0.0302734375 0.037109375
0 0.6357421875 0.69921875 0.037109375 0.04296875
0 0.57958984375 0.666015625 0.0380859375 0.041015625
0 0.56005859375 0.65380859375 0.0361328125 0.0419921875
0 0.548828125 0.59228515625 0.0390625 0.0439453125
0 0.52978515625 0.5810546875 0.0322265625 0.0390625
0 0.5146484375 0.57080078125 0.029296875 0.0361328125
0 0.4697265625 0.58984375 0.03125 0.0390625
0 0.4521484375 0.57958984375 0.03515625 0.0361328125
0 0.47509765625 0.54443359375 0.0361328125 0.0419921875
0 0.58447265625 0.5068359375 0.0361328125 0.041015625
0 0.56396484375 0.4951171875 0.0400390625 0.041015625
0 0.54833984375 0.47607421875 0.0341796875 0.0361328125
0 0.5224609375 0.46728515625 0.033203125 0.0361328125
0 0.54833984375 0.42919921875 0.0400390625 0.0537109375
