1 0.12158203125 0.59521484375 0.0126953125 0.0439453125
1 0.09619140625 0.5927734375 0.0146484375 0.04296875
1 0.125 0.5478515625 0.013671875 0.044921875
1 0.08740234375 0.56689453125 0.0341796875 0.0419921875
1 0.0849609375 0.5517578125 0.033203125 0.041015625
1 0.0830078125 0.529296875 0.033203125 0.04296875
1 0.107421875 0.48828125 0.03125 0.0390625
1 0.13037109375 0.498046875 0.0126953125 0.044921875
1 0.06640625 0.6884765625 0.015625 0.044921875
1 0.0693359375 0.87255859375 0.009765625 0.0439453125
1 0.06787109375 0.82275390625 0.0126953125 0.0439453125
1 0.056640625 0.82958984375 0.01171875 0.0458984375
1 0.0673828125 0.77685546875 0.01171875 0.0439453125
1 0.09521484375 0.755859375 0.0107421875 0.044921875
1 0.0703125 0.73388671875 0.01171875 0.0361328125
1 0.09423828125 0.708984375 0.0126953125 0.044921875
1 0.11474609375 0.6865234375 0.0126953125 0.044921875
1 0.126953125 0.68603515625 0.013671875 0.0439453125
1 0.091796875 0.66015625 0.013671875 0.046875
1 0.1181640625 0.64013671875 0.013671875 0.0439453125
1 0.05810546875 0.6416015625 0.0205078125 0.044921875
1 0.02099609375 0.671875 0.0380859375 0.041015625
1 0.10791015625 0.7626953125 0.0107421875 0.044921875
1 0.0947265625 0.986328125 0.009765625 0.02734375
1 0.0810546875 0.984375 0.01171875 0.03125
1 0.10791015625 0.94921875 0.0107421875 0.04296875
1 0.09521484375 0.94677734375 0.0107421875 0.0439453125
1 0.08251953125 0.943359375 0.0107421875 0.044921875
1 0.1083984375 0.90283203125 0.01171875 0.0458984375
1 0.095703125 0.89599609375 0.009765625 0.0439453125
1 0.08251953125 0.89404296875 0.0107421875 0.0439453125
1 0.1083984375 0.85546875 0.01171875 0.044921875
1 0.09423828125 0.8486328125 0.0107421875 0.04296875
1 0.107421875 0.8095703125 0.009765625 0.044921875
1 0.09423828125 0.80322265625 0.0107421875 0.0419921875
0 0.09033203125 0.4658203125 0.0244140625 0.03125
0 0.08935546875 0.36962890625 0.0244140625 0.0302734375
0 0.07275390625 0.39599609375 0.0224609375 0.0263671875
0 0.08642578125 0.39892578125 0.0224609375 0.0283203125
0 0.0859375 0.42578125 0.025390625 0.029296875
0 0.111328125 0.4111328125 0.025390625 0.029296875
0 0.07080078125 0.42431640625 0.0224609375 0.0263671875
0 0.0576171875 0.41748046875 0.0234375 0.0283203125
0 0.0478515625 0.4072265625 0.0234375 0.029296875
0 0.0537109375 0.44970703125 0.021484375 0.0283203125
0 0.06640625 0.4501953125 0.02734375 0.03125
0 0.08056640625 0.45703125 0.0224609375 0.02734375
0 0.095703125 0.43603515625 0.0234375 0.0283203125
0 0.10498046875 0.44287109375 0.0224609375 0.0263671875
0 0.08935546875 0.34814453125 0.0244140625 0.0283203125
0 0.06494140625 0.47998046875 0.0244140625 0.0283203125
0 0.07421875 0.48974609375 0.021484375 0.0263671875
0 0.060546875 0.51171875 0.021484375 0.025390625
0 0.05029296875 0.50341796875 0.0244140625 0.0283203125
0 0.0400390625 0.84228515625 0.013671875 0.0283203125
0 0.04248046875 0.87060546875 0.0166015625 0.0283203125
0 0.04443359375 0.9248046875 0.0126953125 0.02734375
0 0.04443359375 0.955078125 0.0126953125 0.025390625
0 0.04443359375 0.98291015625 0.0126953125 0.0244140625
0 0.10546875 0.349609375 0.0234375 0.025390625
0 0.07568359375 0.34228515625 0.0224609375 0.0283203125
0 0.11181640625 0.2412109375 0.0244140625 0.029296875
0 0.08203125 0.21142578125 0.02734375 0.0322265625
0 0.0625 0.2158203125 0.021484375 0.025390625
0 0.0478515625 0.23974609375 0.0234375 0.0283203125
0 0.08203125 0.236328125 0.0234375 0.029296875
0 0.0634765625 0.2392578125 0.03125 0.03515625
0 0.044921875 0.26708984375 0.025390625 0.0302734375
0 0.04833984375 0.2880859375 0.0244140625 0.029296875
0 0.06689453125 0.26025390625 0.0244140625 0.0263671875
0 0.080078125 0.26123046875 0.021484375 0.0283203125
0 0.0654296875 0.28466796875 0.0234375 0.0302734375
0 0.0498046875 0.30810546875 0.025390625 0.0283203125
0 0.125 0.248046875 0.0234375 0.02734375
0 0.10888671875 0.26953125 0.0224609375 0.02734375
0 0.095703125 0.26416015625 0.025390625 0.0283203125
0 0.123046875 0.27197265625 0.025390625 0.0302734375
0 0.09423828125 0.2919921875 0.0244140625 0.029296875
0 0.1083984375 0.29638671875 0.0234375 0.0263671875
0 0.12109375 0.30078125 0.025390625 0.03125
0 0.07763671875 0.3154296875 0.0224609375 0.029296875
0 0.0927734375 0.31787109375 0.0234375 0.0283203125
0 0.1044921875 0.32373046875 0.0234375 0.0263671875
0 0.12060546875 0.326171875 0.0244140625 0.029296875
0 0.06201171875 0.3388671875 0.0244140625 0.029296875
0 0.0537109375 0.3291015625 0.03125 0.03515625
0 0.5322265625 0.673828125 0.02734375 0.029296875
0 0.52734375 0.48779296875 0.025390625 0.0302734375
0 0.580078125 0.48779296875 0.029296875 0.0263671875
0 0.57666015625 0.46728515625 0.0263671875 0.0263671875
0 0.51416015625 0.48193359375 0.0263671875 0.0302734375
0 0.529296875 0.46142578125 0.0234375 0.0283203125
0 0.572265625 0.4541015625 0.029296875 0.02734375
0 0.568359375 0.43994140625 0.029296875 0.0283203125
0 0.51611328125 0.4560546875 0.0244140625 0.029296875
0 0.517578125 0.42822265625 0.021484375 0.0263671875
0 0.4443359375 0.52197265625 0.0234375 0.0283203125
0 0.45751953125 0.5 0.0205078125 0.0234375
0 0.47412109375 0.4794921875 0.0244140625 0.025390625
0 0.45654296875 0.478515625 0.0224609375 0.02734375
0 0.44091796875 0.478515625 0.0244140625 0.025390625
0 0.45654296875 0.4541015625 0.0244140625 0.029296875
0 0.47314453125 0.4306640625 0.0263671875 0.029296875
0 0.44091796875 0.45361328125 0.0244140625 0.0283203125
0 0.45703125 0.4296875 0.02734375 0.02734375
0 0.51953125 0.40478515625 0.025390625 0.0302734375
0 0.57568359375 0.42041015625 0.0263671875 0.0263671875
0 0.57373046875 0.40478515625 0.0263671875 0.0283203125
0 0.568359375 0.39306640625 0.02734375 0.0322265625
0 0.56298828125 0.380859375 0.0244140625 0.029296875
0 0.45703125 0.40673828125 0.025390625 0.0302734375
0 0.47265625 0.38427734375 0.021484375 0.0302734375
0 0.48779296875 0.36279296875 0.0205078125 0.0263671875
0 0.44580078125 0.3994140625 0.0263671875 0.03125
0 0.51123046875 0.5107421875 0.0244140625 0.02734375
0 0.58056640625 0.5029296875 0.0283203125 0.02734375
0 0.58251953125 0.5166015625 0.0244140625 0.025390625
0 0.5869140625 0.5625 0.029296875 0.03125
0 0.59521484375 0.6337890625 0.0283203125 0.025390625
0 0.5185546875 0.66796875 0.0234375 0.02734375
0 0.5341796875 0.6474609375 0.0234375 0.029296875
0 0.515625 0.64990234375 0.0234375 0.0263671875
0 0.49755859375 0.65380859375 0.0244140625 0.0283203125
0 0.529296875 0.6279296875 0.0234375 0.03125
0 0.552734375 0.62158203125 0.0234375 0.0283203125
0 0.59423828125 0.60546875 0.0244140625 0.0234375
0 0.59716796875 0.62060546875 0.0263671875 0.0244140625
0 0.55224609375 0.59423828125 0.0263671875 0.0322265625
0 0.5927734375 0.591796875 0.02734375 0.025390625
0 0.59130859375 0.57666015625 0.0283203125 0.0263671875
0 0.53173828125 0.60107421875 0.0244140625 0.0283203125
0 0.58349609375 0.53125 0.0244140625 0.02734375
0 0.54638671875 0.57958984375 0.0244140625 0.0283203125
0 0.505859375 0.6171875 0.0234375 0.02734375
0 0.52099609375 0.59375 0.0244140625 0.029296875
0 0.537109375 0.56982421875 0.025390625 0.0302734375
0 0.5068359375 0.59130859375 0.021484375 0.0263671875
0 0.521484375 0.56884765625 0.0234375 0.0283203125
0 0.53515625 0.5478515625 0.021484375 0.02734375
0 0.58740234375 0.54541015625 0.0283203125 0.0263671875
0 0.5078125 0.56396484375 0.0234375 0.0263671875
0 0.52490234375 0.54248046875 0.0263671875 0.0302734375
0 0.51025390625 0.5390625 0.0244140625 0.02734375
0 0.52490234375 0.517578125 0.0205078125 0.025390625
0 0.46240234375 0.37646484375 0.0244140625 0.0283203125
0 0.4755859375 0.353515625 0.01953125 0.02734375
0 0.56005859375 0.3642578125 0.0224609375 0.025390625
0 0.46728515625 0.1669921875 0.0302734375 0.02734375
0 0.47021484375 0.181640625 0.0263671875 0.025390625
0 0.5546875 0.35107421875 0.0234375 0.0302734375
0 0.4609375 0.28125 0.0234375 0.02734375
0 0.544921875 0.34521484375 0.0234375 0.0283203125
0 0.4501953125 0.36865234375 0.025390625 0.0302734375
0 0.466796875 0.34521484375 0.025390625 0.0302734375
0 0.4462890625 0.34765625 0.025390625 0.029296875
0 0.462890625 0.328125 0.0234375 0.02734375
0 0.45361328125 0.31591796875 0.0263671875 0.0283203125
0 0.47021484375 0.2900390625 0.0244140625 0.03125
0 0.55810546875 0.31494140625 0.0224609375 0.0302734375
0 0.54736328125 0.3076171875 0.0224609375 0.02734375
0 0.5400390625 0.29638671875 0.021484375 0.0263671875
0 0.42919921875 0.32763671875 0.0244140625 0.0283203125
0 0.4453125 0.30322265625 0.0234375 0.0283203125
0 0.43603515625 0.29296875 0.0224609375 0.02734375
0 0.47509765625 0.193359375 0.0263671875 0.02734375
0 0.537109375 0.2822265625 0.01953125 0.02734375
0 0.53076171875 0.27099609375 0.0224609375 0.0283203125
0 0.5263671875 0.25732421875 0.025390625 0.0283203125
0 0.5234375 0.2431640625 0.025390625 0.025390625
0 0.51611328125 0.23291015625 0.0263671875 0.0263671875
0 0.5068359375 0.2265625 0.025390625 0.029296875
0 0.4326171875 0.27294921875 0.025390625 0.0302734375
0 0.4501953125 0.25146484375 0.0234375 0.0263671875
0 0.44189453125 0.23779296875 0.0283203125 0.0302734375
0 0.4912109375 0.203125 0.025390625 0.025390625
0 0.42529296875 0.2373046875 0.0263671875 0.03125
0 0.49560546875 0.2158203125 0.0283203125 0.025390625
0 0.54833984375 0.6513671875 0.0244140625 0.02734375
0 0.55712890625 0.6611328125 0.0263671875 0.02734375
0 0.59716796875 0.6484375 0.0283203125 0.0234375
0 0.55908203125 0.9931640625 0.0185546875 0.013671875
0 0.5234375 0.99609375 0.015625 0.0078125
0 0.4951171875 0.9892578125 0.025390625 0.021484375
0 0.5341796875 0.98486328125 0.025390625 0.0283203125
0 0.5185546875 0.98193359375 0.02734375 0.0302734375
0 0.5498046875 0.96142578125 0.02734375 0.0341796875
0 0.53515625 0.9580078125 0.025390625 0.03125
0 0.5126953125 0.97021484375 0.025390625 0.0283203125
0 0.49462890625 0.97021484375 0.0224609375 0.0283203125
0 0.4833984375 0.96337890625 0.0234375 0.0263671875
0 0.52880859375 0.94482421875 0.0244140625 0.0283203125
0 0.5107421875 0.94775390625 0.025390625 0.0302734375
0 0.498046875 0.9423828125 0.021484375 0.025390625
0 0.484375 0.9375 0.0234375 0.02734375
0 0.60009765625 0.92822265625 0.0263671875 0.0302734375
0 0.619140625 0.92578125 0.025390625 0.029296875
0 0.6376953125 0.92431640625 0.02734375 0.0302734375
0 0.63525390625 0.904296875 0.0244140625 0.02734375
0 0.61572265625 0.90478515625 0.0244140625 0.0302734375
0 0.59716796875 0.90771484375 0.0224609375 0.0283203125
0 0.6123046875 0.88671875 0.025390625 0.02734375
0 0.6279296875 0.86669921875 0.02734375 0.0302734375
0 0.60302734375 0.94775390625 0.0205078125 0.0263671875
0 0.62109375 0.9462890625 0.025390625 0.02734375
0 0.603515625 0.970703125 0.025390625 0.029296875
0 0.6337890625 0.9521484375 0.025390625 0.029296875
0 0.61865234375 0.99267578125 0.0185546875 0.0146484375
0 0.60302734375 0.99169921875 0.0205078125 0.0166015625
0 0.63720703125 0.97119140625 0.0322265625 0.0400390625
0 0.6171875 0.97412109375 0.0234375 0.0302734375
0 0.5458984375 0.9208984375 0.025390625 0.033203125
0 0.5478515625 0.89599609375 0.025390625 0.0302734375
0 0.53076171875 0.9189453125 0.0224609375 0.02734375
0 0.60400390625 0.72265625 0.0302734375 0.025390625
0 0.53857421875 0.78515625 0.0244140625 0.02734375
0 0.55517578125 0.76171875 0.0263671875 0.029296875
0 0.5244140625 0.78076171875 0.025390625 0.0283203125
0 0.51123046875 0.779296875 0.0244140625 0.025390625
0 0.54150390625 0.75732421875 0.0244140625 0.0322265625
0 0.556640625 0.736328125 0.021484375 0.025390625
0 0.49658203125 0.77734375 0.0224609375 0.02734375
0 0.51171875 0.7548828125 0.0234375 0.029296875
0 0.4951171875 0.75439453125 0.0234375 0.0263671875
0 0.5263671875 0.72998046875 0.02734375 0.0302734375
0 0.54052734375 0.7333984375 0.0244140625 0.029296875
0 0.5556640625 0.71337890625 0.0234375 0.0283203125
0 0.609375 0.73486328125 0.02734375 0.0244140625
0 0.5673828125 0.76953125 0.0234375 0.029296875
0 0.61181640625 0.748046875 0.0244140625 0.0234375
0 0.6123046875 0.76220703125 0.025390625 0.0263671875
0 0.50927734375 0.73291015625 0.0244140625 0.0283203125
0 0.4990234375 0.72265625 0.025390625 0.029296875
0 0.52783203125 0.7060546875 0.0263671875 0.029296875
0 0.51416015625 0.70166015625 0.0224609375 0.0263671875
0 0.5048828125 0.689453125 0.021484375 0.02734375
0 0.5419921875 0.68408203125 0.025390625 0.0283203125
0 0.6025390625 0.6982421875 0.029296875 0.025390625
0 0.6015625 0.68603515625 0.025390625 0.0224609375
0 0.59716796875 0.67529296875 0.0263671875 0.0244140625
0 0.59716796875 0.6611328125 0.0263671875 0.0234375
0 0.61376953125 0.77685546875 0.0263671875 0.0263671875
0 0.5517578125 0.79052734375 0.0234375 0.0263671875
0 0.51318359375 0.92041015625 0.0244140625 0.0283203125
0 0.5341796875 0.83935546875 0.025390625 0.0283203125
0 0.5009765625 0.91357421875 0.0234375 0.0283203125
0 0.48828125 0.908203125 0.0234375 0.025390625
0 0.52978515625 0.89697265625 0.0224609375 0.0263671875
0 0.5615234375 0.873046875 0.021484375 0.025390625
0 0.54345703125 0.87353515625 0.0244140625 0.0302734375
0 0.55908203125 0.8525390625 0.0224609375 0.02734375
0 0.51806640625 0.8896484375 0.0224609375 0.02734375
0 0.5029296875 0.88623046875 0.0234375 0.0302734375
0 0.49169921875 0.87939453125 0.0224609375 0.0283203125
0 0.51806640625 0.86376953125 0.0224609375 0.0263671875
0 0.53369140625 0.86474609375 0.0244140625 0.0302734375
0 0.55029296875 0.84130859375 0.0224609375 0.0283203125
0 0.60498046875 0.8486328125 0.0244140625 0.029296875
0 0.4951171875 0.80224609375 0.0234375 0.0283203125
0 0.61572265625 0.859375 0.0361328125 0.044921875
0 0.62060546875 0.82763671875 0.0205078125 0.0244140625
0 0.60205078125 0.8291015625 0.0244140625 0.02734375
0 0.61865234375 0.80810546875 0.0263671875 0.0302734375
0 0.50732421875 0.85498046875 0.0224609375 0.0283203125
0 0.49169921875 0.853515625 0.0244140625 0.02734375
0 0.52197265625 0.8330078125 0.0244140625 0.025390625
0 0.50634765625 0.83154296875 0.0244140625 0.0302734375
0 0.494140625 0.8251953125 0.0234375 0.02734375
0 0.537109375 0.8125 0.025390625 0.02734375
0 0.5224609375 0.80859375 0.021484375 0.02734375
0 0.51025390625 0.8037109375 0.0224609375 0.029296875
1 0.39013671875 0.9892578125 0.0224609375 0.021484375
1 0.41259765625 0.98046875 0.0322265625 0.0390625
1 0.41357421875 0.931640625 0.0341796875 0.04296875
1 0.43994140625 0.892578125 0.0341796875 0.041015625
1 0.39208984375 0.9384765625 0.0283203125 0.03515625
1 0.4150390625 0.90380859375 0.033203125 0.0419921875
1 0.44189453125 0.8662109375 0.0322265625 0.04296875
1 0.3671875 0.951171875 0.03515625 0.044921875
1 0.39208984375 0.9140625 0.0302734375 0.037109375
1 0.4169921875 0.87744140625 0.03125 0.0400390625
1 0.443359375 0.84033203125 0.033203125 0.0419921875
1 0.365234375 0.9287109375 0.033203125 0.041015625
1 0.3916015625 0.8916015625 0.033203125 0.041015625
1 0.3681640625 0.90185546875 0.033203125 0.0419921875
1 0.39501953125 0.86083984375 0.0322265625 0.0419921875
1 0.419921875 0.8251953125 0.029296875 0.03515625
1 0.4443359375 0.78955078125 0.033203125 0.0419921875
1 0.3955078125 0.83642578125 0.033203125 0.0439453125
1 0.4228515625 0.79638671875 0.033203125 0.0400390625
1 0.44873046875 0.7587890625 0.0322265625 0.041015625
1 0.39697265625 0.8095703125 0.0322265625 0.04296875
1 0.37255859375 0.84765625 0.0322265625 0.041015625
1 0.42431640625 0.76904296875 0.0322265625 0.0419921875
1 0.45166015625 0.7314453125 0.0341796875 0.04296875
1 0.03955078125 0.12548828125 0.0146484375 0.0458984375
1 0.064453125 0.125 0.015625 0.046875
1 0.1083984375 0.12060546875 0.013671875 0.0439453125
1 0.12109375 0.12109375 0.015625 0.044921875
1 0.14306640625 0.1103515625 0.0146484375 0.044921875
1 0.15625 0.1103515625 0.013671875 0.044921875
1 0.04248046875 0.2216796875 0.0283203125 0.037109375
1 0.05615234375 0.37109375 0.0302734375 0.0390625
1 0.0380859375 0.447265625 0.03125 0.0390625
1 0.03076171875 0.4814453125 0.0341796875 0.041015625
1 0.044921875 0.484375 0.033203125 0.04296875
1 0.10400390625 0.4697265625 0.0322265625 0.041015625
1 0.13330078125 0.447265625 0.0107421875 0.04296875
1 0.375 0.81884765625 0.033203125 0.0419921875
1 0.40087890625 0.78076171875 0.0322265625 0.0419921875
1 0.4267578125 0.7431640625 0.033203125 0.04296875
1 0.453125 0.705078125 0.033203125 0.041015625
1 0.6123046875 0.7958984375 0.033203125 0.041015625
1 0.419921875 0.486328125 0.03125 0.04296875
1 0.42431640625 0.45556640625 0.0322265625 0.0419921875
1 0.39892578125 0.49365234375 0.0341796875 0.0419921875
1 0.3984375 0.46875 0.03515625 0.04296875
1 0.42431640625 0.431640625 0.0322265625 0.041015625
1 0.4033203125 0.4365234375 0.033203125 0.04296875
1 0.4287109375 0.39990234375 0.02734375 0.0341796875
1 0.4033203125 0.4130859375 0.03125 0.041015625
1 0.4052734375 0.3876953125 0.033203125 0.04296875
1 0.408203125 0.359375 0.03125 0.041015625
1 0.41259765625 0.330078125 0.0322265625 0.041015625
1 0.4130859375 0.30517578125 0.03125 0.0419921875
1 0.40478515625 0.26953125 0.0322265625 0.04296875
1 0.271484375 0.13427734375 0.0390625 0.0380859375
1 0.31494140625 0.12353515625 0.0400390625 0.0361328125
1 0.33056640625 0.1298828125 0.0400390625 0.037109375
1 0.345703125 0.13916015625 0.041015625 0.0361328125
1 0.37353515625 0.140625 0.0439453125 0.033203125
1 0.4013671875 0.13916015625 0.041015625 0.0380859375
1 0.42236328125 0.13916015625 0.0380859375 0.0400390625
1 0.45751953125 0.10205078125 0.0361328125 0.0400390625
1 0.42919921875 0.154296875 0.0380859375 0.037109375
1 0.4453125 0.15869140625 0.0390625 0.0380859375
1 0.4189453125 0.509765625 0.033203125 0.04296875
1 0.39453125 0.5498046875 0.033203125 0.04296875
1 0.41845703125 0.53515625 0.0283203125 0.037109375
1 0.4072265625 0.67431640625 0.03125 0.0419921875
1 0.37548828125 0.79296875 0.0322265625 0.041015625
1 0.4013671875 0.75537109375 0.033203125 0.0419921875
1 0.4453125 0.69091796875 0.033203125 0.0439453125
1 0.37890625 0.76513671875 0.033203125 0.0419921875
1 0.404296875 0.72607421875 0.033203125 0.0419921875
1 0.4306640625 0.68798828125 0.033203125 0.0419921875
1 0.45654296875 0.64990234375 0.0322265625 0.0419921875
1 0.38037109375 0.73828125 0.0341796875 0.04296875
1 0.40673828125 0.69873046875 0.0322265625 0.0419921875
1 0.43212890625 0.66015625 0.0322265625 0.04296875
1 0.45751953125 0.62158203125 0.0322265625 0.0419921875
1 0.38037109375 0.71240234375 0.0341796875 0.0439453125
1 0.43310546875 0.634765625 0.0341796875 0.04296875
1 0.39404296875 0.5732421875 0.0322265625 0.04296875
1 0.4599609375 0.595703125 0.033203125 0.041015625
1 0.3837890625 0.68408203125 0.033203125 0.0439453125
1 0.40966796875 0.64501953125 0.0322265625 0.0419921875
1 0.43603515625 0.6064453125 0.0322265625 0.041015625
1 0.462890625 0.56787109375 0.03125 0.0419921875
1 0.4375 0.5791015625 0.033203125 0.041015625
1 0.46484375 0.54150390625 0.033203125 0.0419921875
1 0.41357421875 0.591796875 0.0322265625 0.04296875
1 0.4404296875 0.55322265625 0.033203125 0.0419921875
1 0.46630859375 0.513671875 0.0322265625 0.04296875
1 0.3896484375 0.6025390625 0.033203125 0.044921875
1 0.41650390625 0.5634765625 0.0322265625 0.04296875
