1 0.5 0.66552734375 0.033203125 0.0419921875
1 0.4482421875 0.7890625 0.03515625 0.04296875
1 0.4677734375 0.7900390625 0.03515625 0.04296875
1 0.4794921875 0.78466796875 0.033203125 0.0419921875
1 0.49609375 0.78369140625 0.033203125 0.0439453125
1 0.51220703125 0.7861328125 0.0341796875 0.04296875
1 0.52734375 0.7822265625 0.033203125 0.04296875
1 0.44873046875 0.86328125 0.0419921875 0.01171875
1 0.3623046875 0.93505859375 0.013671875 0.0439453125
1 0.47705078125 0.90234375 0.0126953125 0.046875
1 0.490234375 0.90234375 0.01171875 0.046875
1 0.525390625 0.90234375 0.013671875 0.046875
1 0.4326171875 0.78759765625 0.03125 0.0419921875
1 0.421875 0.79345703125 0.03125 0.0400390625
1 0.3984375 0.79052734375 0.033203125 0.0439453125
1 0.22412109375 0.84033203125 0.0341796875 0.0400390625
1 0.11865234375 0.8076171875 0.0341796875 0.04296875
1 0.13330078125 0.8056640625 0.0341796875 0.04296875
1 0.14892578125 0.80615234375 0.0341796875 0.0439453125
1 0.1630859375 0.802734375 0.03515625 0.04296875
1 0.1826171875 0.80615234375 0.03515625 0.0439453125
1 0.2138671875 0.80224609375 0.033203125 0.0439453125
1 0.13134765625 0.8525390625 0.0341796875 0.041015625
1 0.146484375 0.84912109375 0.03515625 0.0419921875
1 0.162109375 0.84716796875 0.03515625 0.0419921875
1 0.17822265625 0.8447265625 0.0322265625 0.0390625
1 0.19091796875 0.84033203125 0.0341796875 0.0400390625
1 0.2099609375 0.84375 0.03515625 0.04296875
1 0.240234375 0.84130859375 0.03515625 0.0419921875
1 0.38671875 0.79150390625 0.03125 0.0419921875
1 0.255859375 0.8408203125 0.03125 0.041015625
1 0.26953125 0.8369140625 0.03125 0.041015625
1 0.28466796875 0.83544921875 0.0341796875 0.0439453125
1 0.22802734375 0.7998046875 0.0341796875 0.04296875
1 0.2421875 0.79736328125 0.03515625 0.0419921875
1 0.2578125 0.79638671875 0.033203125 0.0419921875
1 0.27587890625 0.798828125 0.0341796875 0.04296875
1 0.2880859375 0.7939453125 0.033203125 0.041015625
1 0.32177734375 0.7958984375 0.0322265625 0.041015625
1 0.33837890625 0.7939453125 0.0322265625 0.041015625
1 0.35205078125 0.7919921875 0.0322265625 0.04296875
1 0.3681640625 0.78955078125 0.033203125 0.0400390625
1 0.61474609375 0.76904296875 0.0458984375 0.0185546875
1 0.59130859375 0.6923828125 0.0458984375 0.021484375
1 0.59033203125 0.705078125 0.0458984375 0.025390625
1 0.59375 0.7177734375 0.046875 0.021484375
1 0.60107421875 0.73095703125 0.0439453125 0.0185546875
1 0.60546875 0.7431640625 0.044921875 0.01953125
1 0.61083984375 0.7548828125 0.0439453125 0.017578125
1 0.61767578125 0.78271484375 0.0439453125 0.0205078125
1 0.62109375 0.796875 0.046875 0.01953125
1 0.625 0.8173828125 0.046875 0.021484375
1 0.62939453125 0.83740234375 0.0478515625 0.0205078125
1 0.63916015625 0.85205078125 0.0419921875 0.0205078125
1 0.6396484375 0.8671875 0.044921875 0.0234375
1 0.6435546875 0.87744140625 0.044921875 0.0224609375
1 0.64599609375 0.890625 0.0419921875 0.025390625
1 0.6533203125 0.90576171875 0.041015625 0.0224609375
1 0.65380859375 0.9169921875 0.0458984375 0.0234375
1 0.68310546875 0.529296875 0.0166015625 0.0390625
1 0.69482421875 0.51708984375 0.0205078125 0.0380859375
1 0.7138671875 0.53759765625 0.01953125 0.0380859375
1 0.70458984375 0.5009765625 0.0185546875 0.037109375
1 0.68359375 0.47802734375 0.021484375 0.0380859375
1 0.6708984375 0.4853515625 0.01953125 0.037109375
1 0.65869140625 0.447265625 0.0185546875 0.037109375
1 0.67333984375 0.43896484375 0.0185546875 0.0361328125
1 0.6943359375 0.4619140625 0.017578125 0.03515625
1 0.6845703125 0.4228515625 0.017578125 0.037109375
1 0.6640625 0.40185546875 0.01953125 0.0361328125
1 0.64990234375 0.4052734375 0.0185546875 0.037109375
1 0.67529296875 0.3837890625 0.0205078125 0.037109375
1 0.68603515625 0.380859375 0.0224609375 0.044921875
1 0.69921875 0.4267578125 0.01953125 0.044921875
1 0.70947265625 0.47216796875 0.0205078125 0.0439453125
1 0.9951171875 0.7509765625 0.009765625 0.013671875
1 0.99267578125 0.7265625 0.0146484375 0.013671875
1 0.72314453125 0.5205078125 0.0224609375 0.044921875
1 0.75048828125 0.5234375 0.0224609375 0.04296875
1 0.7294921875 0.49365234375 0.021484375 0.0439453125
1 0.8125 0.3330078125 0.021484375 0.041015625
1 0.8759765625 0.47216796875 0.01953125 0.0419921875
1 0.91455078125 0.5107421875 0.0224609375 0.046875
1 0.90283203125 0.466796875 0.0205078125 0.04296875
1 0.8896484375 0.4716796875 0.021484375 0.04296875
1 0.8916015625 0.423828125 0.01953125 0.04296875
1 0.880859375 0.4326171875 0.01953125 0.037109375
1 0.8642578125 0.42724609375 0.021484375 0.0439453125
1 0.8701171875 0.39306640625 0.01953125 0.0439453125
1 0.88134765625 0.380859375 0.0224609375 0.04296875
1 0.85302734375 0.384765625 0.0205078125 0.04296875
1 0.82421875 0.37548828125 0.021484375 0.0439453125
1 0.8349609375 0.365234375 0.021484375 0.044921875
1 0.84326171875 0.34130859375 0.0205078125 0.0439453125
1 0.86279296875 0.4765625 0.0205078125 0.046875
1 0.85498046875 0.34228515625 0.0205078125 0.0439453125
1 0.87060546875 0.33447265625 0.0185546875 0.0419921875
1 0.88427734375 0.33544921875 0.0205078125 0.0439453125
1 0.91357421875 0.2919921875 0.0419921875 0.015625
1 0.89599609375 0.32958984375 0.0205078125 0.0439453125
1 0.8935546875 0.3779296875 0.01953125 0.041015625
1 0.9072265625 0.37548828125 0.021484375 0.0419921875
1 0.9052734375 0.423828125 0.021484375 0.04296875
1 0.91748046875 0.41748046875 0.0205078125 0.0439453125
1 0.9169921875 0.46875 0.021484375 0.04296875
1 0.9287109375 0.458984375 0.021484375 0.04296875
1 0.95458984375 0.50048828125 0.0224609375 0.0439453125
1 0.83642578125 0.42236328125 0.0205078125 0.0439453125
1 0.853515625 0.494140625 0.01953125 0.04296875
1 0.73291015625 0.453125 0.0205078125 0.04296875
1 0.78076171875 0.48291015625 0.0185546875 0.0419921875
1 0.71923828125 0.45458984375 0.0185546875 0.0361328125
1 0.71142578125 0.42236328125 0.0166015625 0.0302734375
1 0.72216796875 0.4091796875 0.0205078125 0.044921875
1 0.70166015625 0.3837890625 0.0205078125 0.044921875
1 0.7275390625 0.37353515625 0.01953125 0.0439453125
1 0.73974609375 0.37060546875 0.0205078125 0.0439453125
1 0.73828125 0.41943359375 0.01953125 0.0419921875
1 0.7509765625 0.41552734375 0.021484375 0.0439453125
1 0.7490234375 0.462890625 0.021484375 0.04296875
1 0.76220703125 0.4619140625 0.0205078125 0.044921875
1 0.77197265625 0.5048828125 0.0205078125 0.04296875
1 0.802734375 0.51220703125 0.021484375 0.0439453125
1 0.7919921875 0.46826171875 0.01953125 0.0419921875
1 0.84619140625 0.5224609375 0.0205078125 0.04296875
1 0.771484375 0.43896484375 0.01953125 0.0439453125
1 0.78076171875 0.423828125 0.0185546875 0.04296875
1 0.76025390625 0.3955078125 0.0205078125 0.04296875
1 0.7783203125 0.35791015625 0.017578125 0.0361328125
1 0.79296875 0.36181640625 0.021484375 0.0439453125
1 0.80517578125 0.35498046875 0.0205078125 0.0439453125
1 0.78759765625 0.400390625 0.0205078125 0.044921875
1 0.80322265625 0.40087890625 0.0205078125 0.0380859375
1 0.81640625 0.39794921875 0.021484375 0.0439453125
1 0.79931640625 0.44384765625 0.0205078125 0.0439453125
1 0.8134765625 0.43994140625 0.017578125 0.0380859375
1 0.81103515625 0.48974609375 0.0224609375 0.0458984375
1 0.66015625 0.57861328125 0.02734375 0.0361328125
1 0.64013671875 0.58251953125 0.0283203125 0.0361328125
1 0.9072265625 0.97802734375 0.017578125 0.0439453125
1 0.89306640625 0.97119140625 0.0185546875 0.0439453125
1 0.8779296875 0.9716796875 0.021484375 0.044921875
1 0.86474609375 0.97216796875 0.0205078125 0.0458984375
1 0.85107421875 0.9716796875 0.0205078125 0.044921875
1 0.837890625 0.97216796875 0.01953125 0.0458984375
1 0.96240234375 0.9228515625 0.0107421875 0.044921875
1 0.974609375 0.9208984375 0.01171875 0.04296875
1 0.98828125 0.9189453125 0.013671875 0.044921875
1 0.99755859375 0.91455078125 0.0048828125 0.0458984375
1 0.10546875 0.8134765625 0.033203125 0.04296875
1 0.49658203125 0.6875 0.0302734375 0.0390625
1 0.95751953125 0.4609375 0.0205078125 0.04296875
1 0.44921875 0.6650390625 0.03125 0.041015625
1 0.02734375 0.89697265625 0.015625 0.0419921875
1 0.00634765625 0.89892578125 0.0107421875 0.0244140625
1 0.009765625 0.7900390625 0.017578125 0.021484375
1 0.03662109375 0.7666015625 0.0419921875 0.037109375
1 0.021484375 0.75927734375 0.04296875 0.0361328125
1 0.017578125 0.74755859375 0.033203125 0.0361328125
1 0.01904296875 0.6025390625 0.0126953125 0.044921875
1 0.03271484375 0.609375 0.0126953125 0.03515625
1 0.01953125 0.92822265625 0.03125 0.0341796875
1 0.01220703125 0.931640625 0.0224609375 0.03515625
1 0.00927734375 0.94970703125 0.0166015625 0.0302734375
1 0.0048828125 0.962890625 0.0078125 0.01953125
1 0.10302734375 0.99609375 0.0146484375 0.0078125
1 0.01806640625 0.9736328125 0.0322265625 0.04296875
1 0.2158203125 0.93603515625 0.01171875 0.0380859375
1 0.1494140625 0.90087890625 0.04296875 0.0126953125
1 0.11572265625 0.927734375 0.0107421875 0.04296875
1 0.09033203125 0.92626953125 0.0107421875 0.0458984375
1 0.3662109375 0.7119140625 0.033203125 0.04296875
1 0.22802734375 0.677734375 0.0361328125 0.04296875
1 0.2451171875 0.67724609375 0.033203125 0.0419921875
1 0.25927734375 0.67626953125 0.0322265625 0.0400390625
1 0.2763671875 0.6748046875 0.033203125 0.04296875
1 0.302734375 0.7158203125 0.03515625 0.041015625
1 0.291015625 0.67431640625 0.033203125 0.0400390625
1 0.30615234375 0.67333984375 0.0361328125 0.0419921875
1 0.33251953125 0.7119140625 0.0322265625 0.041015625
1 0.31787109375 0.712890625 0.0361328125 0.04296875
1 0.3251953125 0.67431640625 0.033203125 0.0419921875
1 0.3515625 0.7138671875 0.033203125 0.041015625
1 0.38232421875 0.712890625 0.0341796875 0.04296875
1 0.3388671875 0.673828125 0.033203125 0.04296875
1 0.27001953125 0.71533203125 0.0322265625 0.0400390625
1 0.35693359375 0.67431640625 0.0322265625 0.0419921875
1 0.3720703125 0.67236328125 0.033203125 0.0439453125
1 0.39794921875 0.7119140625 0.0322265625 0.041015625
1 0.38427734375 0.66845703125 0.0341796875 0.0419921875
1 0.4111328125 0.70654296875 0.033203125 0.0400390625
1 0.42578125 0.705078125 0.033203125 0.041015625
1 0.39990234375 0.6689453125 0.0302734375 0.037109375
1 0.416015625 0.6669921875 0.033203125 0.0390625
1 0.43310546875 0.66845703125 0.0341796875 0.0400390625
1 0.44287109375 0.7060546875 0.0322265625 0.0390625
1 0.46337890625 0.7099609375 0.0341796875 0.04296875
1 0.4736328125 0.70361328125 0.033203125 0.0400390625
1 0.28515625 0.7138671875 0.03125 0.041015625
1 0.25439453125 0.71630859375 0.0322265625 0.0419921875
1 0.50146484375 0.5849609375 0.0400390625 0.03515625
1 0.00732421875 0.10791015625 0.0126953125 0.0595703125
1 0.26171875 0.5927734375 0.046875 0.01171875
1 0.31005859375 0.5888671875 0.0478515625 0.013671875
1 0.2353515625 0.60693359375 0.044921875 0.0107421875
1 0.27978515625 0.603515625 0.0361328125 0.01171875
1 0.23193359375 0.6201171875 0.0419921875 0.01171875
1 0.30224609375 0.61474609375 0.0302734375 0.0107421875
1 0.38818359375 0.58984375 0.0380859375 0.03125
1 0.41162109375 0.5888671875 0.0419921875 0.033203125
1 0.43505859375 0.58740234375 0.0419921875 0.0341796875
1 0.45654296875 0.58740234375 0.0400390625 0.0341796875
1 0.53857421875 0.587890625 0.0322265625 0.04296875
1 0.2255859375 0.7216796875 0.03125 0.041015625
1 0.57666015625 0.58447265625 0.0322265625 0.0400390625
1 0.5966796875 0.5791015625 0.029296875 0.037109375
1 0.60986328125 0.58203125 0.0263671875 0.03515625
1 0.13330078125 0.685546875 0.0107421875 0.041015625
1 0.1669921875 0.689453125 0.01171875 0.04296875
1 0.13330078125 0.72900390625 0.0107421875 0.0400390625
1 0.14404296875 0.72119140625 0.0087890625 0.0380859375
1 0.15673828125 0.72119140625 0.0126953125 0.0419921875
1 0.181640625 0.7216796875 0.013671875 0.044921875
1 0.1962890625 0.72021484375 0.013671875 0.0478515625
1 0.19970703125 0.681640625 0.0322265625 0.04296875
1 0.21484375 0.68115234375 0.033203125 0.0419921875
1 0.98095703125 0.4970703125 0.0224609375 0.041015625
1 0.9423828125 0.45703125 0.021484375 0.041015625
0 0.1572265625 0.62158203125 0.02734375 0.0126953125
0 0.82763671875 0.49853515625 0.0166015625 0.0302734375
0 0.7421875 0.4892578125 0.01953125 0.02734375
0 0.84765625 0.412109375 0.01953125 0.03125
0 0.8544921875 0.44140625 0.017578125 0.029296875
0 0.78955078125 0.51953125 0.0185546875 0.03125
0 0.8193359375 0.52685546875 0.015625 0.0283203125
0 0.83349609375 0.5283203125 0.0166015625 0.029296875
0 0.75634765625 0.6025390625 0.0146484375 0.02734375
0 0.76904296875 0.6005859375 0.0126953125 0.02734375
0 0.78125 0.59716796875 0.017578125 0.0302734375
0 0.81591796875 0.5849609375 0.0166015625 0.029296875
0 0.83203125 0.57958984375 0.01953125 0.0322265625
0 0.5185546875 0.69677734375 0.02734375 0.0302734375
0 0.77392578125 0.97900390625 0.0166015625 0.0302734375
0 0.7861328125 0.978515625 0.013671875 0.029296875
0 0.80029296875 0.9775390625 0.0146484375 0.029296875
0 0.796875 0.94970703125 0.013671875 0.0283203125
0 0.90869140625 0.56640625 0.0166015625 0.02734375
0 0.87109375 0.5126953125 0.017578125 0.03125
0 0.9267578125 0.50341796875 0.01953125 0.0283203125
0 0.83837890625 0.48779296875 0.0146484375 0.0263671875
0 0.84423828125 0.45849609375 0.0166015625 0.0302734375
0 0.83349609375 0.46142578125 0.0185546875 0.0302734375
0 0.20556640625 0.99560546875 0.0380859375 0.0087890625
0 0.15478515625 0.68310546875 0.0126953125 0.0283203125
0 0.1796875 0.68115234375 0.01171875 0.0283203125
0 0.08056640625 0.8232421875 0.0263671875 0.029296875
0 0.095703125 0.81884765625 0.021484375 0.0263671875
0 0.109375 0.8408203125 0.0234375 0.02734375
0 0.0966796875 0.84716796875 0.0234375 0.0263671875
0 0.09228515625 0.85986328125 0.0224609375 0.0263671875
0 0.11376953125 0.86962890625 0.0224609375 0.0244140625
0 0.04296875 0.8671875 0.01171875 0.037109375
0 0.04296875 0.9033203125 0.01171875 0.02734375
0 0.04296875 0.9306640625 0.01171875 0.025390625
0 0.04248046875 0.95703125 0.0126953125 0.02734375
0 0.82080078125 0.4736328125 0.0146484375 0.025390625
0 0.66015625 0.15673828125 0.01953125 0.0146484375
0 0.7509765625 0.35986328125 0.017578125 0.0283203125
0 0.76513671875 0.359375 0.0185546875 0.029296875
0 0.771484375 0.38671875 0.017578125 0.029296875
0 0.82470703125 0.4345703125 0.0185546875 0.029296875
0 0.966796875 0.49462890625 0.01953125 0.0302734375
0 0.9736328125 0.306640625 0.017578125 0.03125
0 0.12109375 0.6845703125 0.013671875 0.02734375
0 0.06201171875 0.6044921875 0.0146484375 0.029296875
1 0.96923828125 0.45361328125 0.0205078125 0.0419921875
0 0.08056640625 0.068359375 0.0224609375 0.009765625
1 0.9814453125 0.39111328125 0.021484375 0.0458984375
1 0.9580078125 0.41015625 0.021484375 0.04296875
1 0.9462890625 0.41650390625 0.01953125 0.0419921875
1 0.9306640625 0.41064453125 0.021484375 0.0439453125
1 0.947265625 0.36865234375 0.01953125 0.0419921875
1 0.93505859375 0.37109375 0.0205078125 0.04296875
1 0.9189453125 0.36767578125 0.021484375 0.0419921875
1 0.92333984375 0.32568359375 0.0205078125 0.0419921875
1 0.9912109375 0.49072265625 0.017578125 0.0361328125
1 0.982421875 0.45166015625 0.021484375 0.0419921875
1 0.99072265625 0.43603515625 0.0185546875 0.0419921875
1 0.97119140625 0.40771484375 0.0205078125 0.0439453125
1 0.9912109375 0.3876953125 0.017578125 0.044921875
1 0.96044921875 0.3642578125 0.0205078125 0.044921875
1 0.98388671875 0.34423828125 0.0185546875 0.0419921875
1 0.96337890625 0.31640625 0.0185546875 0.044921875
1 0.94970703125 0.31787109375 0.0185546875 0.0439453125
1 0.98681640625 0.3046875 0.0205078125 0.04296875
1 0.99462890625 0.3486328125 0.0107421875 0.04296875
0 0.00439453125 0.8125 0.0068359375 0.015625
0 0.04541015625 0.201171875 0.0126953125 0.03125
0 0.06689453125 0.080078125 0.0224609375 0.01171875
0 0.056640625 0.06689453125 0.0234375 0.0126953125
1 0.6796875 0.70068359375 0.01953125 0.0400390625
