0 0.6123046875 0.0732421875 0.03515625 0.01953125
1 0.248046875 0.91796875 0.091796875 0.03125
1 0.41162109375 0.66650390625 0.0908203125 0.0283203125
1 0.22900390625 0.6865234375 0.0908203125 0.029296875
1 0.23095703125 0.70849609375 0.0908203125 0.0263671875
1 0.23046875 0.73046875 0.087890625 0.02734375
1 0.23291015625 0.7685546875 0.0908203125 0.02734375
1 0.234375 0.79443359375 0.087890625 0.0283203125
1 0.3955078125 0.8232421875 0.03125 0.12890625
1 0.24169921875 0.83447265625 0.0908203125 0.0263671875
1 0.24072265625 0.85693359375 0.0888671875 0.0283203125
1 0.4140625 0.951171875 0.091796875 0.021484375
1 0.25244140625 0.9853515625 0.0927734375 0.025390625
1 0.412109375 0.64208984375 0.087890625 0.0283203125
1 0.41455078125 0.62158203125 0.0869140625 0.0283203125
1 0.41455078125 0.59228515625 0.0927734375 0.0283203125
1 0.42724609375 0.51806640625 0.0986328125 0.0263671875
1 0.32470703125 0.17431640625 0.0244140625 0.0908203125
1 0.349609375 0.1748046875 0.025390625 0.08984375
1 0.37060546875 0.18212890625 0.0263671875 0.0908203125
1 0.39306640625 0.17431640625 0.0263671875 0.0888671875
1 0.43603515625 0.1796875 0.0283203125 0.08984375
1 0.4580078125 0.18115234375 0.0234375 0.0869140625
1 0.47998046875 0.181640625 0.0224609375 0.087890625
1 0.23486328125 0.2060546875 0.0869140625 0.056640625
1 0.2265625 0.23046875 0.0859375 0.060546875
1 0.21875 0.255859375 0.0859375 0.0625
1 0.21533203125 0.27880859375 0.0849609375 0.0615234375
1 0.2177734375 0.349609375 0.087890625 0.060546875
1 0.447265625 0.396484375 0.08984375 0.029296875
1 0.43603515625 0.4365234375 0.0869140625 0.0234375
1 0.22705078125 0.376953125 0.0888671875 0.056640625
1 0.22900390625 0.40869140625 0.0869140625 0.0615234375
1 0.21875 0.453125 0.087890625 0.060546875
1 0.216796875 0.47705078125 0.087890625 0.0615234375
1 0.2158203125 0.52197265625 0.087890625 0.0576171875
0 0.45556640625 0.0654296875 0.0439453125 0.0234375
0 0.20166015625 0.0927734375 0.0419921875 0.037109375
0 0.642578125 0.27294921875 0.017578125 0.0361328125
0 0.6806640625 0.27685546875 0.017578125 0.0361328125
0 0.701171875 0.27490234375 0.01953125 0.0400390625
0 0.7373046875 0.2763671875 0.017578125 0.0390625
0 0.54931640625 0.16015625 0.0185546875 0.03515625
0 0.58642578125 0.1669921875 0.0185546875 0.03515625
0 0.63818359375 0.166015625 0.0224609375 0.0390625
0 0.658203125 0.1650390625 0.01953125 0.03125
0 0.712890625 0.1748046875 0.017578125 0.03515625
0 0.24462890625 0.0458984375 0.0341796875 0.01953125
0 0.07421875 0.77880859375 0.025390625 0.0673828125
1 0.302734375 0.17236328125 0.0234375 0.0888671875
