1 0.8466796875 0.2802734375 0.1015625 0.07421875
1 0.86767578125 0.47802734375 0.0693359375 0.0966796875
1 0.95703125 0.484375 0.0859375 0.076171875
1 0.94580078125 0.4599609375 0.1025390625 0.07421875
1 0.93310546875 0.4365234375 0.1005859375 0.07421875
1 0.91064453125 0.41845703125 0.1005859375 0.0771484375
1 0.90625 0.392578125 0.09765625 0.0703125
1 0.8974609375 0.36474609375 0.1015625 0.0712890625
1 0.880859375 0.34814453125 0.095703125 0.0654296875
1 0.8740234375 0.3251953125 0.095703125 0.06640625
1 0.861328125 0.3037109375 0.09765625 0.068359375
1 0.82763671875 0.25830078125 0.0927734375 0.0673828125
1 0.8203125 0.23193359375 0.095703125 0.0712890625
1 0.8095703125 0.20947265625 0.1015625 0.0732421875
1 0.79443359375 0.18701171875 0.1005859375 0.0751953125
1 0.8359375 0.5068359375 0.068359375 0.095703125
1 0.986328125 0.65576171875 0.02734375 0.0576171875
1 0.98681640625 0.70361328125 0.0263671875 0.0576171875
1 0.16552734375 0.56640625 0.0712890625 0.095703125
1 0.2412109375 0.5244140625 0.080078125 0.1015625
1 0.267578125 0.50146484375 0.080078125 0.0986328125
1 0.52001953125 0.33935546875 0.1005859375 0.0693359375
1 0.533203125 0.36572265625 0.09765625 0.0693359375
1 0.27490234375 0.79638671875 0.0732421875 0.1044921875
1 0.3291015625 0.8876953125 0.072265625 0.1015625
1 0.41748046875 0.9736328125 0.0478515625 0.052734375
1 0.4560546875 0.9658203125 0.060546875 0.068359375
1 0.60009765625 0.32958984375 0.0693359375 0.0947265625
1 0.62646484375 0.31396484375 0.0673828125 0.0966796875
1 0.65283203125 0.30322265625 0.0732421875 0.1025390625
1 0.556640625 0.3896484375 0.095703125 0.072265625
1 0.57470703125 0.41552734375 0.1005859375 0.0693359375
1 0.57861328125 0.44873046875 0.0908203125 0.0615234375
1 0.59375 0.478515625 0.091796875 0.06640625
1 0.611328125 0.50830078125 0.087890625 0.0654296875
1 0.6806640625 0.6279296875 0.09375 0.0625
1 0.69287109375 0.6552734375 0.0849609375 0.068359375
1 0.74169921875 0.7451171875 0.0966796875 0.068359375
1 0.76611328125 0.7724609375 0.1005859375 0.078125
0 0.97607421875 0.3408203125 0.0380859375 0.03125
0 0.9833984375 0.35693359375 0.033203125 0.0380859375
0 0.99072265625 0.3759765625 0.0185546875 0.029296875
0 0.97509765625 0.318359375 0.0419921875 0.03515625
0 0.9560546875 0.3095703125 0.037109375 0.033203125
0 0.54736328125 0.19921875 0.0458984375 0.0390625
0 0.087890625 0.63427734375 0.044921875 0.0556640625
0 0.40087890625 0.74658203125 0.0380859375 0.0361328125
0 0.20849609375 0.837890625 0.0341796875 0.04296875
0 0.23486328125 0.8876953125 0.0283203125 0.037109375
0 0.0537109375 0.8740234375 0.0390625 0.037109375
0 0.08056640625 0.92529296875 0.0341796875 0.0341796875
0 0.103515625 0.95947265625 0.037109375 0.0380859375
0 0.1142578125 0.97705078125 0.0390625 0.0361328125
0 0.126953125 0.98486328125 0.041015625 0.0302734375
0 0.9423828125 0.271484375 0.04296875 0.037109375
1 0.14697265625 0.5810546875 0.0712890625 0.09765625
