9 0.5185546875 0.4697265625 0.029296875 0.03125
9 0.16162109375 0.01416015625 0.0322265625 0.0263671875
9 0.4248046875 0.0126953125 0.033203125 0.0234375
9 0.4931640625 0.0546875 0.033203125 0.03515625
9 0.57275390625 0.130859375 0.0302734375 0.02734375
9 0.150390625 0.1806640625 0.025390625 0.021484375
9 0.15185546875 0.33642578125 0.0341796875 0.0341796875
9 0.216796875 0.7626953125 0.025390625 0.029296875
9 0.25341796875 0.79052734375 0.0302734375 0.0341796875
9 0.7080078125 0.68017578125 0.03125 0.0322265625
9 0.96826171875 0.9775390625 0.0341796875 0.029296875
9 0.29443359375 0.388671875 0.0283203125 0.02734375
9 0.013671875 0.4287109375 0.025390625 0.0390625
9 0.72998046875 0.220703125 0.0400390625 0.037109375
9 0.7353515625 0.7880859375 0.041015625 0.044921875
9 0.5380859375 0.9599609375 0.03515625 0.041015625
