0 0.07666015625 0.50634765625 0.0400390625 0.0400390625
0 0.70947265625 0.1875 0.0185546875 0.037109375
0 0.76953125 0.14208984375 0.017578125 0.0400390625
0 0.75 0.18603515625 0.017578125 0.0341796875
0 0.86865234375 0.0263671875 0.0166015625 0.037109375
0 0.82177734375 0.064453125 0.0400390625 0.021484375
0 0.76953125 0.0625 0.04296875 0.01953125
0 0.73291015625 0.0458984375 0.0185546875 0.0390625
0 0.72998046875 0.19140625 0.0185546875 0.037109375
0 0.689453125 0.18603515625 0.017578125 0.0361328125
0 0.7900390625 0.14013671875 0.015625 0.0361328125
0 0.7109375 0.13916015625 0.017578125 0.0341796875
0 0.69140625 0.14111328125 0.017578125 0.0361328125
0 0.6923828125 0.0458984375 0.015625 0.041015625
0 0.67138671875 0.0458984375 0.0185546875 0.041015625
0 0.65283203125 0.03955078125 0.0166015625 0.0419921875
0 0.61376953125 0.03955078125 0.0166015625 0.0400390625
0 0.59375 0.03857421875 0.017578125 0.0361328125
0 0.76953125 0.19091796875 0.017578125 0.0380859375
0 0.78955078125 0.18896484375 0.0166015625 0.0341796875
0 0.650390625 0.146484375 0.017578125 0.0390625
0 0.1845703125 0.33447265625 0.01953125 0.0400390625
0 0.287109375 0.2861328125 0.01953125 0.03515625
0 0.28515625 0.33203125 0.01953125 0.04296875
0 0.26416015625 0.33154296875 0.0205078125 0.0478515625
0 0.095703125 0.3876953125 0.017578125 0.03515625
0 0.24462890625 0.3330078125 0.0185546875 0.04296875
0 0.22412109375 0.33203125 0.0185546875 0.0390625
0 0.20458984375 0.33251953125 0.0185546875 0.0400390625
0 0.26513671875 0.28173828125 0.0185546875 0.0380859375
0 0.81103515625 0.15087890625 0.0185546875 0.0380859375
0 0.24658203125 0.279296875 0.0205078125 0.0390625
0 0.2255859375 0.2890625 0.015625 0.037109375
0 0.2041015625 0.28564453125 0.01953125 0.0361328125
0 0.18212890625 0.28955078125 0.0185546875 0.0380859375
0 0.85107421875 0.146484375 0.0185546875 0.037109375
0 0.85302734375 0.19873046875 0.0185546875 0.0400390625
0 0.82958984375 0.19921875 0.0185546875 0.041015625
0 0.66845703125 0.189453125 0.0185546875 0.037109375
0 0.630859375 0.18798828125 0.01953125 0.0380859375
0 0.30517578125 0.333984375 0.0166015625 0.037109375
0 0.3720703125 0.13525390625 0.017578125 0.0380859375
0 0.291015625 0.1875 0.01953125 0.0390625
0 0.26904296875 0.1796875 0.0166015625 0.0390625
0 0.2509765625 0.17724609375 0.017578125 0.0380859375
0 0.23095703125 0.177734375 0.0185546875 0.04296875
0 0.21044921875 0.18115234375 0.0166015625 0.0419921875
0 0.412109375 0.13232421875 0.015625 0.0380859375
0 0.39111328125 0.1376953125 0.0166015625 0.0390625
0 0.3515625 0.14306640625 0.017578125 0.0361328125
0 0.3505859375 0.18115234375 0.017578125 0.0361328125
0 0.3330078125 0.14111328125 0.017578125 0.0380859375
0 0.31298828125 0.138671875 0.0166015625 0.041015625
0 0.29150390625 0.13525390625 0.0205078125 0.0439453125
0 0.2724609375 0.13134765625 0.017578125 0.0380859375
0 0.25244140625 0.13037109375 0.0185546875 0.0400390625
0 0.234375 0.13623046875 0.015625 0.0380859375
0 0.21435546875 0.130859375 0.0185546875 0.041015625
0 0.31103515625 0.18408203125 0.0185546875 0.0361328125
0 0.3701171875 0.177734375 0.01953125 0.037109375
0 0.61083984375 0.18603515625 0.0185546875 0.0361328125
0 0.48876953125 0.19189453125 0.0185546875 0.0419921875
0 0.59033203125 0.1884765625 0.0185546875 0.0390625
0 0.5908203125 0.14306640625 0.017578125 0.0380859375
0 0.5673828125 0.18994140625 0.0234375 0.0400390625
0 0.552734375 0.140625 0.017578125 0.044921875
0 0.54736328125 0.18896484375 0.0166015625 0.0419921875
0 0.52734375 0.19091796875 0.017578125 0.0380859375
0 0.50634765625 0.1904296875 0.0244140625 0.0390625
0 0.4697265625 0.1845703125 0.017578125 0.0390625
0 0.390625 0.18359375 0.017578125 0.0390625
0 0.51025390625 0.1435546875 0.0185546875 0.037109375
0 0.4873046875 0.14111328125 0.017578125 0.0400390625
0 0.45068359375 0.18896484375 0.0166015625 0.0419921875
0 0.45263671875 0.1298828125 0.0185546875 0.033203125
0 0.431640625 0.1796875 0.017578125 0.037109375
0 0.431640625 0.13232421875 0.017578125 0.0380859375
0 0.41162109375 0.18115234375 0.0185546875 0.0380859375
0 0.30712890625 0.2861328125 0.0185546875 0.03515625
0 0.328125 0.33349609375 0.01953125 0.0439453125
0 0.22216796875 0.484375 0.0185546875 0.0390625
0 0.5 0.4482421875 0.017578125 0.037109375
0 0.40283203125 0.44189453125 0.0166015625 0.0361328125
0 0.42333984375 0.44189453125 0.0185546875 0.0419921875
0 0.443359375 0.443359375 0.015625 0.044921875
0 0.5 0.490234375 0.015625 0.0390625
0 0.47998046875 0.4912109375 0.0166015625 0.0390625
0 0.4736328125 0.4404296875 0.01953125 0.0390625
0 0.5810546875 0.45654296875 0.017578125 0.0419921875
0 0.52001953125 0.49365234375 0.0185546875 0.0380859375
0 0.40283203125 0.48876953125 0.0166015625 0.0380859375
0 0.54150390625 0.49072265625 0.0185546875 0.0361328125
0 0.5615234375 0.49169921875 0.017578125 0.0380859375
0 0.6025390625 0.49560546875 0.013671875 0.0400390625
0 0.640625 0.50341796875 0.01953125 0.0400390625
0 0.54296875 0.44287109375 0.01953125 0.0419921875
0 0.56201171875 0.44775390625 0.0185546875 0.0380859375
0 0.62255859375 0.44775390625 0.0185546875 0.0361328125
0 0.38330078125 0.4375 0.0166015625 0.037109375
0 0.43798828125 0.49609375 0.0205078125 0.046875
0 0.7021484375 0.44970703125 0.017578125 0.0380859375
0 0.24169921875 0.44091796875 0.0166015625 0.0361328125
0 0.20263671875 0.4853515625 0.0185546875 0.044921875
0 0.181640625 0.48828125 0.017578125 0.041015625
0 0.16064453125 0.43701171875 0.0166015625 0.0419921875
0 0.18212890625 0.4375 0.0166015625 0.037109375
0 0.20166015625 0.4384765625 0.0166015625 0.041015625
0 0.2216796875 0.43798828125 0.015625 0.0380859375
0 0.24169921875 0.4921875 0.0185546875 0.04296875
0 0.30078125 0.484375 0.017578125 0.0390625
0 0.36181640625 0.44140625 0.0185546875 0.046875
0 0.26123046875 0.4912109375 0.0166015625 0.04296875
0 0.2607421875 0.435546875 0.01953125 0.037109375
0 0.28076171875 0.4365234375 0.0185546875 0.0390625
0 0.32177734375 0.486328125 0.0166015625 0.041015625
0 0.32080078125 0.43798828125 0.0205078125 0.0400390625
0 0.34130859375 0.4375 0.0166015625 0.03515625
0 0.341796875 0.49169921875 0.017578125 0.0439453125
0 0.662109375 0.453125 0.017578125 0.0390625
0 0.74267578125 0.4521484375 0.0166015625 0.041015625
0 0.32861328125 0.2841796875 0.0185546875 0.04296875
0 0.42431640625 0.3359375 0.0205078125 0.0390625
0 0.5244140625 0.29248046875 0.017578125 0.0380859375
0 0.50390625 0.33935546875 0.017578125 0.0400390625
0 0.50390625 0.2919921875 0.015625 0.037109375
0 0.484375 0.29296875 0.017578125 0.0390625
0 0.47900390625 0.3369140625 0.0185546875 0.041015625
0 0.4619140625 0.29345703125 0.017578125 0.0380859375
0 0.44482421875 0.3388671875 0.0185546875 0.041015625
0 0.42822265625 0.28955078125 0.0185546875 0.0380859375
0 0.5458984375 0.29296875 0.021484375 0.044921875
0 0.404296875 0.33447265625 0.017578125 0.0380859375
0 0.38623046875 0.33740234375 0.0166015625 0.0341796875
0 0.40771484375 0.28662109375 0.0185546875 0.0361328125
0 0.3662109375 0.33203125 0.01953125 0.037109375
0 0.38720703125 0.29052734375 0.0185546875 0.0400390625
0 0.3671875 0.29150390625 0.017578125 0.0380859375
0 0.3486328125 0.2861328125 0.01953125 0.041015625
0 0.5244140625 0.3359375 0.017578125 0.03515625
0 0.54541015625 0.33740234375 0.0185546875 0.0361328125
0 0.76611328125 0.30419921875 0.0166015625 0.0380859375
0 0.72314453125 0.35205078125 0.0185546875 0.0439453125
0 0.84716796875 0.2998046875 0.0185546875 0.041015625
0 0.78515625 0.34716796875 0.015625 0.0400390625
0 0.8095703125 0.30126953125 0.017578125 0.0380859375
0 0.787109375 0.2998046875 0.017578125 0.04296875
0 0.7666015625 0.34814453125 0.015625 0.0380859375
0 0.74609375 0.349609375 0.017578125 0.041015625
0 0.72705078125 0.2998046875 0.0166015625 0.037109375
0 0.70556640625 0.29931640625 0.0185546875 0.0400390625
0 0.60546875 0.296875 0.017578125 0.0390625
0 0.681640625 0.34423828125 0.017578125 0.0400390625
0 0.666015625 0.2958984375 0.017578125 0.0390625
0 0.64501953125 0.34521484375 0.0166015625 0.0419921875
0 0.568359375 0.3388671875 0.017578125 0.037109375
0 0.56884765625 0.2939453125 0.0185546875 0.041015625
0 0.6064453125 0.3466796875 0.01953125 0.044921875
0 0.626953125 0.2998046875 0.017578125 0.041015625
0 0.13916015625 0.06982421875 0.0400390625 0.0166015625
