0 0.4345703125 0.03857421875 0.041015625 0.0185546875
0 0.44677734375 0.02001953125 0.0400390625 0.0205078125
0 0.603515625 0.015625 0.037109375 0.017578125
0 0.4208984375 0.0048828125 0.01953125 0.0078125
0 0.2353515625 0.48046875 0.03515625 0.041015625
0 0.3447265625 0.82275390625 0.037109375 0.0146484375
0 0.33544921875 0.5458984375 0.0341796875 0.044921875
0 0.2333984375 0.56689453125 0.044921875 0.0185546875
0 0.24462890625 0.546875 0.0400390625 0.015625
0 0.306640625 0.4560546875 0.0390625 0.017578125
0 0.41455078125 0.076171875 0.0380859375 0.017578125
0 0.40087890625 0.09423828125 0.0400390625 0.0185546875
0 0.49072265625 0.0888671875 0.0322265625 0.041015625
0 0.56689453125 0.0712890625 0.0400390625 0.015625
0 0.55517578125 0.0908203125 0.0361328125 0.015625
0 0.66259765625 0.07373046875 0.0322265625 0.0419921875
0 0.6494140625 0.09228515625 0.03125 0.0400390625
0 0.69384765625 0.10400390625 0.0400390625 0.0166015625
0 0.681640625 0.123046875 0.037109375 0.017578125
0 0.6357421875 0.10791015625 0.033203125 0.0400390625
0 0.4833984375 0.11328125 0.033203125 0.0390625
0 0.61279296875 0.14599609375 0.0322265625 0.0380859375
0 0.67236328125 0.14013671875 0.0380859375 0.0166015625
0 0.4453125 0.16650390625 0.03125 0.0419921875
0 0.431640625 0.18359375 0.03125 0.0390625
0 0.47998046875 0.19921875 0.0400390625 0.017578125
0 0.4208984375 0.2041015625 0.03125 0.0390625
0 0.24755859375 0.46044921875 0.0361328125 0.0439453125
0 0.09716796875 0.23681640625 0.0419921875 0.0341796875
0 0.30908203125 0.01025390625 0.0380859375 0.0166015625
0 0.18994140625 0.1943359375 0.0400390625 0.017578125
0 0.18408203125 0.11474609375 0.0361328125 0.0283203125
0 0.2255859375 0.1396484375 0.041015625 0.017578125
0 0.24853515625 0.10205078125 0.0400390625 0.0166015625
0 0.36669921875 0.0625 0.0302734375 0.041015625
0 0.27392578125 0.06396484375 0.0400390625 0.0166015625
0 0.36669921875 0.3642578125 0.0341796875 0.015625
0 0.0166015625 0.154296875 0.03125 0.029296875
0 0.17626953125 0.212890625 0.0400390625 0.01953125
0 0.1552734375 0.2509765625 0.044921875 0.021484375
0 0.31787109375 0.13623046875 0.0302734375 0.0400390625
0 0.2939453125 0.1728515625 0.03125 0.0390625
0 0.35400390625 0.16748046875 0.0419921875 0.0205078125
0 0.33056640625 0.205078125 0.0380859375 0.01953125
0 0.2802734375 0.2802734375 0.037109375 0.01953125
0 0.3583984375 0.29541015625 0.033203125 0.0439453125
0 0.37158203125 0.27783203125 0.0302734375 0.0380859375
0 0.33349609375 0.33056640625 0.0302734375 0.0380859375
0 0.1279296875 0.28759765625 0.041015625 0.0185546875
0 0.1181640625 0.30615234375 0.044921875 0.0185546875
0 0.10400390625 0.32470703125 0.0400390625 0.0185546875
0 0.15966796875 0.37646484375 0.0322265625 0.0400390625
0 0.14697265625 0.3955078125 0.0322265625 0.041015625
0 0.03076171875 0.435546875 0.0380859375 0.015625
0 0.32275390625 0.3525390625 0.0302734375 0.0390625
0 0.63134765625 0.1943359375 0.0400390625 0.017578125
0 0.60693359375 0.2314453125 0.0400390625 0.01953125
0 0.443359375 0.25341796875 0.041015625 0.0166015625
0 0.884765625 0.4072265625 0.03515625 0.0390625
0 0.958984375 0.30322265625 0.037109375 0.0380859375
0 0.93310546875 0.33837890625 0.0361328125 0.0361328125
0 0.90771484375 0.373046875 0.0341796875 0.037109375
0 0.7685546875 0.14013671875 0.03515625 0.0400390625
0 0.39501953125 0.32861328125 0.0361328125 0.0166015625
0 0.7529296875 0.15478515625 0.033203125 0.0439453125
0 0.74169921875 0.17333984375 0.0322265625 0.0400390625
0 0.85791015625 0.22216796875 0.0361328125 0.0439453125
0 0.845703125 0.24169921875 0.03125 0.0380859375
0 0.7646484375 0.2255859375 0.037109375 0.017578125
0 0.7373046875 0.26123046875 0.03515625 0.0146484375
0 0.97705078125 0.0654296875 0.0361328125 0.029296875
0 0.9453125 0.03515625 0.041015625 0.03125
0 0.95556640625 0.015625 0.0419921875 0.03125
0 0.97314453125 0.0078125 0.0302734375 0.013671875
0 0.8212890625 0.27783203125 0.033203125 0.0419921875
0 0.7958984375 0.314453125 0.033203125 0.0390625
0 0.7822265625 0.33251953125 0.03515625 0.0439453125
0 0.49609375 0.39453125 0.04296875 0.015625
0 0.4833984375 0.32470703125 0.03125 0.0380859375
0 0.52392578125 0.2734375 0.0341796875 0.044921875
0 0.59375 0.25048828125 0.037109375 0.0185546875
0 0.58251953125 0.267578125 0.0419921875 0.017578125
0 0.56982421875 0.2861328125 0.0380859375 0.017578125
0 0.53369140625 0.3408203125 0.0361328125 0.015625
0 0.4716796875 0.3427734375 0.033203125 0.041015625
0 0.65478515625 0.30224609375 0.0322265625 0.0419921875
0 0.666015625 0.28369140625 0.033203125 0.0400390625
0 0.69140625 0.3349609375 0.037109375 0.017578125
0 0.716796875 0.29931640625 0.03515625 0.0146484375
0 0.72607421875 0.27978515625 0.0361328125 0.0166015625
0 0.60107421875 0.3720703125 0.0361328125 0.04296875
0 0.57666015625 0.40869140625 0.0322265625 0.0400390625
0 0.4482421875 0.3818359375 0.03125 0.037109375
0 0.76806640625 0.34716796875 0.0322265625 0.0380859375
0 0.47265625 0.4306640625 0.0390625 0.01953125
0 0.38720703125 0.47412109375 0.0322265625 0.0400390625
0 0.51416015625 0.5009765625 0.0302734375 0.041015625
0 0.5263671875 0.48193359375 0.033203125 0.0400390625
0 0.57373046875 0.49853515625 0.0361328125 0.0146484375
0 0.6181640625 0.5703125 0.033203125 0.041015625
0 0.578125 0.6220703125 0.033203125 0.0390625
0 0.55224609375 0.6591796875 0.0322265625 0.041015625
0 0.53955078125 0.677734375 0.0322265625 0.037109375
0 0.5263671875 0.6943359375 0.03125 0.037109375
0 0.39892578125 0.66357421875 0.0302734375 0.0361328125
0 0.69482421875 0.46044921875 0.0302734375 0.0380859375
0 0.73291015625 0.40869140625 0.0302734375 0.0380859375
0 0.744140625 0.38720703125 0.029296875 0.0400390625
0 0.123046875 0.00634765625 0.025390625 0.0107421875
