0 0.02685546875 0.77685546875 0.0283203125 0.0341796875
0 0.4716796875 0.103515625 0.029296875 0.037109375
0 0.33349609375 0.06982421875 0.0263671875 0.0341796875
0 0.369140625 0.044921875 0.02734375 0.037109375
0 0.35009765625 0.08056640625 0.0283203125 0.0380859375
0 0.38720703125 0.05517578125 0.0283203125 0.0361328125
0 0.36962890625 0.087890625 0.0283203125 0.037109375
0 0.40380859375 0.06396484375 0.0302734375 0.0400390625
0 0.38720703125 0.09912109375 0.0263671875 0.0380859375
0 0.42041015625 0.0732421875 0.0263671875 0.033203125
0 0.404296875 0.103515625 0.02734375 0.03515625
0 0.43896484375 0.0791015625 0.0302734375 0.0390625
0 0.41943359375 0.11376953125 0.0283203125 0.0341796875
0 0.45654296875 0.087890625 0.0302734375 0.041015625
0 0.4365234375 0.12451171875 0.029296875 0.0380859375
0 0.455078125 0.13623046875 0.029296875 0.0380859375
0 0.4892578125 0.11181640625 0.029296875 0.0380859375
0 0.47265625 0.14453125 0.02734375 0.037109375
0 0.50830078125 0.12109375 0.0283203125 0.037109375
0 0.49072265625 0.1552734375 0.0283203125 0.03515625
0 0.5048828125 0.1669921875 0.029296875 0.037109375
0 0.5234375 0.1337890625 0.02734375 0.037109375
0 0.5419921875 0.14111328125 0.029296875 0.0361328125
0 0.5244140625 0.17333984375 0.029296875 0.0341796875
0 0.54248046875 0.18359375 0.0263671875 0.037109375
0 0.3056640625 0.1591796875 0.03125 0.0390625
0 0.322265625 0.17138671875 0.029296875 0.0361328125
0 0.3017578125 0.2041015625 0.029296875 0.0390625
0 0.3388671875 0.18017578125 0.033203125 0.0400390625
0 0.35205078125 0.03564453125 0.0302734375 0.0380859375
0 0.3154296875 0.06005859375 0.03125 0.0380859375
0 0.3359375 0.02587890625 0.03125 0.0380859375
0 0.29931640625 0.046875 0.0263671875 0.033203125
0 0.48193359375 0.0078125 0.0185546875 0.013671875
0 0.5009765625 0.0166015625 0.02734375 0.03125
0 0.517578125 0.02099609375 0.02734375 0.0341796875
0 0.55078125 0.0087890625 0.021484375 0.015625
0 0.53564453125 0.03125 0.0263671875 0.03515625
0 0.5712890625 0.01318359375 0.02734375 0.0244140625
0 0.30029296875 0.0126953125 0.0244140625 0.0234375
0 0.31884765625 0.01708984375 0.0263671875 0.0322265625
0 0.31787109375 0.2158203125 0.0302734375 0.0390625
0 0.35498046875 0.19189453125 0.0283203125 0.0361328125
0 0.33251953125 0.22998046875 0.0322265625 0.0419921875
0 0.37841796875 0.3525390625 0.0283203125 0.0390625
0 0.35888671875 0.388671875 0.0283203125 0.03515625
0 0.37939453125 0.39453125 0.0302734375 0.037109375
0 0.3935546875 0.40869140625 0.029296875 0.0361328125
0 0.41162109375 0.369140625 0.0263671875 0.041015625
0 0.43017578125 0.37939453125 0.0302734375 0.0419921875
0 0.41162109375 0.41650390625 0.0283203125 0.0361328125
0 0.44873046875 0.38916015625 0.0283203125 0.0400390625
0 0.42822265625 0.42626953125 0.0302734375 0.0380859375
0 0.46728515625 0.3984375 0.0302734375 0.0390625
0 0.44775390625 0.43798828125 0.0302734375 0.0400390625
0 0.48486328125 0.4072265625 0.0263671875 0.037109375
0 0.46533203125 0.4443359375 0.0302734375 0.04296875
0 0.50439453125 0.41259765625 0.0263671875 0.0361328125
0 0.51904296875 0.42724609375 0.0283203125 0.0361328125
0 0.5380859375 0.4384765625 0.025390625 0.033203125
0 0.5556640625 0.44482421875 0.029296875 0.0380859375
0 0.52099609375 0.47705078125 0.0283203125 0.0380859375
0 0.544921875 0.48974609375 0.02734375 0.0361328125
0 0.30908203125 0.47412109375 0.0283203125 0.0361328125
0 0.32958984375 0.478515625 0.0263671875 0.03515625
0 0.34765625 0.48681640625 0.025390625 0.0341796875
0 0.36669921875 0.49755859375 0.0263671875 0.0341796875
0 0.3291015625 0.52197265625 0.03125 0.0380859375
0 0.34814453125 0.53271484375 0.0302734375 0.0400390625
0 0.38330078125 0.50830078125 0.0283203125 0.0361328125
0 0.3642578125 0.541015625 0.02734375 0.03515625
0 0.40087890625 0.515625 0.0302734375 0.0390625
0 0.39599609375 0.359375 0.0263671875 0.0390625
0 0.36279296875 0.3408203125 0.0302734375 0.03515625
0 0.37353515625 0.2021484375 0.0302734375 0.037109375
0 0.32421875 0.3662109375 0.02734375 0.03515625
0 0.3515625 0.234375 0.03125 0.0390625
0 0.39208984375 0.208984375 0.0283203125 0.037109375
0 0.37353515625 0.23876953125 0.0283203125 0.0380859375
0 0.38916015625 0.25341796875 0.0322265625 0.0400390625
0 0.4072265625 0.26416015625 0.03125 0.0380859375
0 0.40869140625 0.21728515625 0.0322265625 0.0419921875
0 0.4287109375 0.2275390625 0.03125 0.0390625
0 0.44580078125 0.23486328125 0.0322265625 0.0400390625
0 0.427734375 0.2744140625 0.02734375 0.03515625
0 0.462890625 0.2431640625 0.033203125 0.0390625
0 0.44482421875 0.28076171875 0.0283203125 0.0380859375
0 0.4765625 0.25732421875 0.02734375 0.0341796875
0 0.458984375 0.291015625 0.02734375 0.037109375
0 0.4951171875 0.26611328125 0.029296875 0.0361328125
0 0.47509765625 0.30126953125 0.0302734375 0.0400390625
0 0.490234375 0.314453125 0.02734375 0.03515625
0 0.51025390625 0.31982421875 0.0302734375 0.0400390625
0 0.5087890625 0.28076171875 0.02734375 0.0361328125
0 0.5302734375 0.2861328125 0.02734375 0.0390625
0 0.34619140625 0.2900390625 0.0439453125 0.03125
0 0.54931640625 0.29052734375 0.0283203125 0.0380859375
0 0.52978515625 0.3271484375 0.0322265625 0.0390625
0 0.54638671875 0.337890625 0.0302734375 0.0390625
0 0.30859375 0.31494140625 0.025390625 0.0361328125
0 0.3271484375 0.322265625 0.02734375 0.03515625
0 0.3056640625 0.357421875 0.02734375 0.03515625
0 0.34521484375 0.3330078125 0.0302734375 0.0390625
0 0.84375 0.05029296875 0.03125 0.0400390625
0 0.1865234375 0.294921875 0.029296875 0.037109375
0 0.21875 0.15380859375 0.029296875 0.0380859375
0 0.25341796875 0.126953125 0.0283203125 0.0390625
0 0.23388671875 0.16259765625 0.0283203125 0.0361328125
0 0.27099609375 0.13818359375 0.0302734375 0.0380859375
0 0.251953125 0.171875 0.02734375 0.033203125
0 0.2861328125 0.15234375 0.02734375 0.03515625
0 0.26904296875 0.1826171875 0.0283203125 0.03515625
0 0.28369140625 0.1953125 0.0263671875 0.03515625
0 0.0517578125 0.16455078125 0.02734375 0.0361328125
0 0.13427734375 0.2177734375 0.0263671875 0.037109375
0 0.1142578125 0.25439453125 0.02734375 0.0380859375
0 0.19140625 0.2431640625 0.03125 0.0390625
0 0.1669921875 0.2431640625 0.029296875 0.037109375
0 0.22265625 0.30859375 0.029296875 0.0390625
0 0.2587890625 0.32666015625 0.02734375 0.0361328125
0 0.2568359375 0.28662109375 0.025390625 0.0341796875
0 0.2763671875 0.29248046875 0.029296875 0.0380859375
0 0.29150390625 0.3056640625 0.0263671875 0.033203125
0 0.2744140625 0.34033203125 0.029296875 0.0380859375
0 0.04443359375 0.4658203125 0.0322265625 0.0390625
0 0.2275390625 0.42041015625 0.029296875 0.0361328125
0 0.263671875 0.43603515625 0.03125 0.0419921875
0 0.24169921875 0.47314453125 0.0302734375 0.0380859375
0 0.2802734375 0.45068359375 0.02734375 0.0361328125
0 0.27734375 0.49365234375 0.02734375 0.0341796875
0 0.29443359375 0.4609375 0.0283203125 0.037109375
0 0.05810546875 0.51904296875 0.0322265625 0.0361328125
0 0.19873046875 0.14697265625 0.0322265625 0.0400390625
0 0.236328125 0.12060546875 0.02734375 0.0341796875
0 0.0390625 0.10595703125 0.0390625 0.0283203125
0 0.2197265625 0.1123046875 0.033203125 0.041015625
0 0.189453125 0.00634765625 0.017578125 0.0107421875
0 0.20947265625 0.0126953125 0.0244140625 0.0234375
0 0.22607421875 0.01708984375 0.0263671875 0.0322265625
0 0.2578125 0.00439453125 0.015625 0.0068359375
0 0.27685546875 0.00732421875 0.0205078125 0.0126953125
0 0.2470703125 0.021484375 0.02734375 0.037109375
0 0.2646484375 0.0341796875 0.02734375 0.0390625
0 0.28369140625 0.04052734375 0.0283203125 0.0380859375
0 0.09814453125 0.04541015625 0.0302734375 0.0380859375
0 0.07861328125 0.07763671875 0.0263671875 0.0361328125
0 0.1318359375 0.0615234375 0.03125 0.041015625
0 0.150390625 0.07080078125 0.033203125 0.0419921875
0 0.18603515625 0.09033203125 0.0283203125 0.0400390625
0 0.19970703125 0.10400390625 0.0283203125 0.0361328125
0 0.09228515625 0.5400390625 0.0302734375 0.037109375
0 0.10693359375 0.55615234375 0.0302734375 0.0380859375
0 0.14306640625 0.5283203125 0.0263671875 0.03515625
0 0.23974609375 0.72607421875 0.0302734375 0.0419921875
0 0.23681640625 0.7724609375 0.0263671875 0.03515625
0 0.27392578125 0.74609375 0.0283203125 0.037109375
0 0.255859375 0.78076171875 0.03125 0.0400390625
0 0.29052734375 0.75830078125 0.0283203125 0.0361328125
0 0.28857421875 0.8037109375 0.0322265625 0.04296875
0 0.04248046875 0.78857421875 0.0283203125 0.0400390625
0 0.06005859375 0.79638671875 0.0244140625 0.0361328125
0 0.0771484375 0.806640625 0.02734375 0.03515625
0 0.09521484375 0.8134765625 0.0341796875 0.0390625
0 0.11328125 0.82275390625 0.02734375 0.0380859375
0 0.13037109375 0.8349609375 0.0244140625 0.03515625
0 0.14892578125 0.84375 0.0283203125 0.03515625
0 0.162109375 0.857421875 0.029296875 0.037109375
0 0.1796875 0.86767578125 0.02734375 0.0341796875
0 0.197265625 0.8798828125 0.029296875 0.037109375
0 0.25537109375 0.73779296875 0.0302734375 0.0419921875
0 0.220703125 0.76416015625 0.02734375 0.0361328125
0 0.146484375 0.5703125 0.02734375 0.03515625
0 0.19970703125 0.75634765625 0.0244140625 0.0341796875
0 0.1826171875 0.54541015625 0.029296875 0.0380859375
0 0.162109375 0.57958984375 0.03125 0.0361328125
0 0.1806640625 0.59033203125 0.029296875 0.0361328125
0 0.1962890625 0.5986328125 0.029296875 0.03515625
0 0.234375 0.5712890625 0.03125 0.04296875
0 0.25146484375 0.583984375 0.0302734375 0.04296875
0 0.22998046875 0.61767578125 0.0322265625 0.0400390625
0 0.2470703125 0.625 0.02734375 0.03515625
0 0.2646484375 0.63525390625 0.029296875 0.0419921875
0 0.28271484375 0.64501953125 0.0302734375 0.0419921875
0 0.02880859375 0.65380859375 0.0302734375 0.0380859375
0 0.04931640625 0.66357421875 0.0283203125 0.0400390625
0 0.06591796875 0.67431640625 0.0283203125 0.0361328125
0 0.08447265625 0.638671875 0.0302734375 0.0390625
0 0.099609375 0.64892578125 0.029296875 0.0341796875
0 0.1162109375 0.65625 0.029296875 0.0390625
0 0.09619140625 0.69482421875 0.0283203125 0.0380859375
0 0.13525390625 0.66650390625 0.0283203125 0.0361328125
0 0.1513671875 0.6806640625 0.02734375 0.03515625
0 0.11572265625 0.705078125 0.0302734375 0.037109375
0 0.1337890625 0.71142578125 0.029296875 0.0361328125
0 0.14990234375 0.72412109375 0.0283203125 0.0361328125
0 0.16845703125 0.69140625 0.0302734375 0.037109375
0 0.16748046875 0.7353515625 0.0302734375 0.037109375
0 0.18408203125 0.744140625 0.0283203125 0.03515625
0 0.20361328125 0.7109375 0.0263671875 0.03515625
0 0.21923828125 0.7216796875 0.0302734375 0.041015625
0 0.416015625 0.52978515625 0.029296875 0.0361328125
0 0.4365234375 0.53369140625 0.029296875 0.0380859375
0 0.4169921875 0.56787109375 0.03125 0.0400390625
0 0.40478515625 0.71435546875 0.0263671875 0.0361328125
0 0.3193359375 0.62451171875 0.029296875 0.0361328125
0 0.3359375 0.63232421875 0.02734375 0.0380859375
0 0.30078125 0.65625 0.02734375 0.03515625
0 0.318359375 0.6689453125 0.029296875 0.037109375
0 0.353515625 0.64208984375 0.029296875 0.0419921875
0 0.33642578125 0.67724609375 0.0283203125 0.0380859375
0 0.373046875 0.65234375 0.029296875 0.037109375
0 0.3515625 0.68994140625 0.029296875 0.0380859375
0 0.3876953125 0.6630859375 0.029296875 0.037109375
0 0.36962890625 0.69775390625 0.0283203125 0.0361328125
0 0.4072265625 0.671875 0.029296875 0.0390625
0 0.3876953125 0.708984375 0.029296875 0.041015625
0 0.423828125 0.68115234375 0.02734375 0.0380859375
0 0.44091796875 0.6884765625 0.0263671875 0.037109375
0 0.4521484375 0.54833984375 0.025390625 0.0341796875
0 0.42236328125 0.72509765625 0.0283203125 0.0361328125
0 0.4599609375 0.69873046875 0.029296875 0.0400390625
0 0.44140625 0.7353515625 0.029296875 0.037109375
0 0.47802734375 0.7080078125 0.0283203125 0.041015625
0 0.4990234375 0.712890625 0.02734375 0.037109375
0 0.46728515625 0.75 0.0263671875 0.037109375
0 0.30908203125 0.7685546875 0.0302734375 0.037109375
0 0.32421875 0.78076171875 0.025390625 0.0400390625
0 0.357421875 0.80224609375 0.02734375 0.0361328125
0 0.3779296875 0.8115234375 0.025390625 0.033203125
0 0.2705078125 0.7958984375 0.029296875 0.037109375
0 0.52490234375 0.77490234375 0.0341796875 0.0361328125
0 0.30322265625 0.61181640625 0.0263671875 0.0361328125
0 0.537109375 0.640625 0.03125 0.0390625
0 0.5205078125 0.6259765625 0.029296875 0.041015625
0 0.50244140625 0.61767578125 0.0283203125 0.0380859375
0 0.6796875 0.2607421875 0.03125 0.0390625
0 0.7158203125 0.2373046875 0.02734375 0.037109375
0 0.7353515625 0.24267578125 0.029296875 0.0380859375
0 0.697265625 0.2724609375 0.029296875 0.037109375
0 0.71630859375 0.28076171875 0.0283203125 0.0361328125
0 0.56640625 0.30029296875 0.029296875 0.0380859375
0 0.583984375 0.31005859375 0.029296875 0.0380859375
0 0.56396484375 0.34423828125 0.0283203125 0.0380859375
0 0.6015625 0.318359375 0.02734375 0.03515625
0 0.58154296875 0.3544921875 0.0302734375 0.0390625
0 0.599609375 0.36474609375 0.02734375 0.0361328125
0 0.61865234375 0.3310546875 0.0302734375 0.037109375
0 0.6376953125 0.33935546875 0.029296875 0.0380859375
0 0.61669921875 0.375 0.0263671875 0.037109375
0 0.6513671875 0.35400390625 0.02734375 0.0341796875
0 0.67431640625 0.3583984375 0.0263671875 0.033203125
0 0.63330078125 0.38671875 0.0302734375 0.0390625
0 0.65234375 0.39794921875 0.03515625 0.0458984375
1 0.71337890625 0.46240234375 0.0498046875 0.0791015625
0 0.57275390625 0.45654296875 0.0283203125 0.0400390625
0 0.59033203125 0.46826171875 0.0263671875 0.0380859375
0 0.607421875 0.47705078125 0.02734375 0.0380859375
0 0.5888671875 0.5166015625 0.03125 0.041015625
1 0.66552734375 0.587890625 0.0517578125 0.080078125
0 0.57568359375 0.61279296875 0.0302734375 0.0419921875
0 0.4677734375 0.60009765625 0.029296875 0.0400390625
0 0.48583984375 0.607421875 0.0302734375 0.0390625
0 0.82373046875 0.0068359375 0.0166015625 0.01171875
0 0.8447265625 0.01171875 0.021484375 0.021484375
0 0.826171875 0.0400390625 0.02734375 0.037109375
0 0.86572265625 0.0166015625 0.0283203125 0.03125
0 0.6962890625 0.22998046875 0.025390625 0.0322265625
0 0.6630859375 0.2470703125 0.02734375 0.03515625
0 0.68212890625 0.21533203125 0.0283203125 0.0361328125
0 0.47021484375 0.5537109375 0.0302734375 0.037109375
0 0.45068359375 0.59130859375 0.0302734375 0.0380859375
0 0.48828125 0.56396484375 0.029296875 0.0361328125
0 0.5302734375 0.58642578125 0.029296875 0.0361328125
0 0.66552734375 0.20556640625 0.0283203125 0.0361328125
0 0.62353515625 0.07763671875 0.0263671875 0.0361328125
0 0.64208984375 0.08544921875 0.0283203125 0.0361328125
0 0.67626953125 0.0625 0.0322265625 0.041015625
0 0.658203125 0.09814453125 0.029296875 0.0380859375
0 0.693359375 0.076171875 0.029296875 0.037109375
0 0.67529296875 0.10595703125 0.0283203125 0.0361328125
0 0.69189453125 0.11572265625 0.0283203125 0.0419921875
0 0.712890625 0.08251953125 0.029296875 0.0380859375
0 0.732421875 0.08642578125 0.02734375 0.0380859375
0 0.71240234375 0.1279296875 0.0283203125 0.037109375
0 0.74609375 0.10205078125 0.025390625 0.0361328125
0 0.76611328125 0.107421875 0.0302734375 0.041015625
0 0.7841796875 0.11474609375 0.025390625 0.0380859375
0 0.80126953125 0.1279296875 0.0263671875 0.03515625
0 0.74951171875 0.15283203125 0.0283203125 0.0380859375
0 0.779296875 0.16650390625 0.029296875 0.0380859375
0 0.56005859375 0.14794921875 0.0283203125 0.0380859375
0 0.55859375 0.193359375 0.029296875 0.0390625
0 0.578125 0.15869140625 0.03125 0.0400390625
0 0.59521484375 0.16943359375 0.0302734375 0.0380859375
0 0.61376953125 0.173828125 0.0263671875 0.03515625
0 0.5751953125 0.2041015625 0.029296875 0.0390625
0 0.5947265625 0.21044921875 0.025390625 0.0341796875
0 0.63134765625 0.18408203125 0.0283203125 0.0361328125
0 0.61328125 0.2158203125 0.025390625 0.03515625
0 0.64599609375 0.19873046875 0.0283203125 0.0380859375
0 0.6298828125 0.23046875 0.025390625 0.033203125
0 0.646484375 0.23828125 0.029296875 0.037109375
0 0.6591796875 0.052734375 0.02734375 0.0390625
0 0.64208984375 0.0458984375 0.0244140625 0.037109375
0 0.60498046875 0.0712890625 0.0283203125 0.037109375
0 0.7314453125 0.0048828125 0.015625 0.0078125
0 0.75341796875 0.00830078125 0.0185546875 0.0146484375
0 0.77392578125 0.01513671875 0.0283203125 0.0283203125
0 0.7919921875 0.01953125 0.02734375 0.0390625
0 0.81005859375 0.02734375 0.0302734375 0.0390625
0 0.5869140625 0.017578125 0.025390625 0.033203125
0 0.55322265625 0.041015625 0.0263671875 0.03515625
0 0.57177734375 0.04638671875 0.0263671875 0.0341796875
0 0.607421875 0.02294921875 0.029296875 0.0380859375
0 0.58740234375 0.060546875 0.0283203125 0.0390625
0 0.6240234375 0.0341796875 0.02734375 0.0390625
