8 0.408203125 0.0673828125 0.1328125 0.1328125
8 0.5869140625 0.0361328125 0.109375 0.0703125
8 0.21826171875 0.43701171875 0.1474609375 0.2001953125
8 0.3876953125 0.376953125 0.14453125 0.19921875
8 0.51025390625 0.32666015625 0.1455078125 0.2001953125
8 0.67919921875 0.26611328125 0.1435546875 0.2001953125
8 0.80517578125 0.21875 0.1474609375 0.197265625
8 0.494140625 0.66357421875 0.14453125 0.2001953125
8 0.62158203125 0.61572265625 0.1435546875 0.1982421875
8 0.78857421875 0.5546875 0.1435546875 0.19921875
8 0.91357421875 0.50927734375 0.1455078125 0.2001953125
0 0.123046875 0.7470703125 0.046875 0.03515625
0 0.02392578125 0.73486328125 0.0400390625 0.0322265625
0 0.03173828125 0.7578125 0.0439453125 0.033203125
8 0.28271484375 0.0908203125 0.1298828125 0.1796875
