1 0.41845703125 0.26123046875 0.0341796875 0.0400390625
1 0.546875 0.0048828125 0.0390625 0.0078125
1 0.544921875 0.0302734375 0.041015625 0.01171875
1 0.54296875 0.04296875 0.041015625 0.013671875
1 0.49658203125 0.04296875 0.0400390625 0.009765625
1 0.4970703125 0.05517578125 0.041015625 0.0126953125
1 0.49267578125 0.08251953125 0.0400390625 0.0126953125
1 0.49169921875 0.09521484375 0.0400390625 0.0126953125
1 0.5380859375 0.09765625 0.041015625 0.013671875
1 0.53515625 0.11279296875 0.04296875 0.0126953125
1 0.53515625 0.12646484375 0.04296875 0.0126953125
1 0.48876953125 0.123046875 0.0400390625 0.013671875
1 0.44287109375 0.16845703125 0.0107421875 0.0458984375
1 0.59228515625 0.18212890625 0.0126953125 0.0439453125
1 0.60498046875 0.18310546875 0.0107421875 0.0439453125
1 0.61865234375 0.18408203125 0.0126953125 0.0439453125
1 0.6318359375 0.18603515625 0.013671875 0.0419921875
1 0.646484375 0.18701171875 0.01171875 0.0419921875
1 0.65966796875 0.1875 0.0107421875 0.04296875
1 0.68701171875 0.189453125 0.0107421875 0.04296875
1 0.70068359375 0.1904296875 0.0146484375 0.044921875
1 0.75537109375 0.1943359375 0.0146484375 0.044921875
1 0.78271484375 0.19677734375 0.0146484375 0.0439453125
1 0.56494140625 0.181640625 0.0126953125 0.044921875
1 0.5498046875 0.1796875 0.013671875 0.044921875
1 0.3876953125 0.25927734375 0.033203125 0.0419921875
1 0.39501953125 0.11669921875 0.0439453125 0.0263671875
1 0.40380859375 0.02392578125 0.0439453125 0.0263671875
1 0.6728515625 0.40087890625 0.017578125 0.0439453125
1 0.40185546875 0.01220703125 0.0439453125 0.0224609375
1 0.40185546875 0.05322265625 0.0439453125 0.0283203125
1 0.40283203125 0.26123046875 0.0361328125 0.0400390625
1 0.46630859375 0.26416015625 0.0341796875 0.0400390625
1 0.48291015625 0.26513671875 0.0322265625 0.0400390625
1 0.6259765625 0.318359375 0.03125 0.037109375
1 0.64208984375 0.31884765625 0.0322265625 0.0400390625
1 0.65673828125 0.3203125 0.0302734375 0.037109375
1 0.6728515625 0.32080078125 0.029296875 0.0380859375
1 0.685546875 0.32421875 0.02734375 0.0390625
1 0.70263671875 0.32373046875 0.0322265625 0.0400390625
1 0.7216796875 0.322265625 0.029296875 0.0390625
1 0.740234375 0.32080078125 0.03125 0.0400390625
1 0.75537109375 0.322265625 0.0302734375 0.0390625
1 0.77001953125 0.326171875 0.0322265625 0.0390625
1 0.83447265625 0.41064453125 0.0126953125 0.0439453125
1 0.91650390625 0.41845703125 0.0146484375 0.0419921875
1 0.9306640625 0.4189453125 0.01171875 0.04296875
1 0.94384765625 0.419921875 0.0107421875 0.04296875
1 0.95751953125 0.419921875 0.0107421875 0.04296875
1 0.9853515625 0.42138671875 0.01171875 0.0439453125
1 0.6103515625 0.3173828125 0.03125 0.0390625
1 0.59423828125 0.3134765625 0.0322265625 0.0390625
1 0.5810546875 0.31005859375 0.03125 0.0400390625
1 0.7197265625 0.27978515625 0.033203125 0.0419921875
1 0.49951171875 0.2646484375 0.0341796875 0.041015625
1 0.51513671875 0.267578125 0.0341796875 0.041015625
1 0.564453125 0.2666015625 0.033203125 0.041015625
1 0.5810546875 0.26513671875 0.03515625 0.0439453125
1 0.59423828125 0.2685546875 0.0341796875 0.0390625
1 0.61279296875 0.26806640625 0.0341796875 0.0439453125
1 0.625 0.2744140625 0.03515625 0.041015625
1 0.640625 0.275390625 0.033203125 0.04296875
1 0.66015625 0.2724609375 0.03515625 0.041015625
1 0.673828125 0.27490234375 0.033203125 0.0419921875
1 0.7060546875 0.27587890625 0.03515625 0.0419921875
1 0.73779296875 0.279296875 0.0361328125 0.04296875
1 0.56298828125 0.31201171875 0.0302734375 0.0380859375
1 0.388671875 0.30419921875 0.02734375 0.0380859375
1 0.4033203125 0.3056640625 0.029296875 0.037109375
1 0.43603515625 0.3037109375 0.0302734375 0.037109375
1 0.45263671875 0.30615234375 0.0302734375 0.0400390625
1 0.46826171875 0.306640625 0.0302734375 0.0390625
1 0.4853515625 0.30810546875 0.029296875 0.0400390625
1 0.55078125 0.39990234375 0.015625 0.0439453125
1 0.52392578125 0.39990234375 0.0146484375 0.0419921875
1 0.4990234375 0.310546875 0.029296875 0.0390625
1 0.51708984375 0.30712890625 0.0302734375 0.0400390625
1 0.53369140625 0.3095703125 0.0302734375 0.0390625
1 0.833984375 0.5390625 0.009765625 0.041015625
1 0.45263671875 0.2607421875 0.0341796875 0.04296875
1 0.546875 0.26953125 0.033203125 0.04296875
1 0.37451171875 0.38623046875 0.0146484375 0.0458984375
1 0.3896484375 0.38916015625 0.013671875 0.0458984375
1 0.40283203125 0.39013671875 0.0107421875 0.0439453125
1 0.416015625 0.392578125 0.01171875 0.04296875
1 0.4296875 0.3935546875 0.013671875 0.044921875
1 0.4443359375 0.39501953125 0.013671875 0.0439453125
1 0.4580078125 0.39501953125 0.01171875 0.0439453125
1 0.4697265625 0.3955078125 0.01171875 0.044921875
1 0.4970703125 0.39697265625 0.013671875 0.0439453125
1 0.509765625 0.3974609375 0.01171875 0.044921875
1 0.5380859375 0.39892578125 0.013671875 0.0439453125
1 0.6201171875 0.3974609375 0.01171875 0.04296875
1 0.78466796875 0.53759765625 0.0126953125 0.0439453125
1 0.796875 0.53759765625 0.01171875 0.0439453125
1 0.80859375 0.53857421875 0.009765625 0.0419921875
1 0.5107421875 0.17724609375 0.01171875 0.0439453125
1 0.4013671875 0.0380859375 0.044921875 0.029296875
1 0.4033203125 0.06982421875 0.044921875 0.0283203125
1 0.3916015625 0.15966796875 0.04296875 0.0322265625
1 0.498046875 0.02734375 0.041015625 0.01171875
1 0.5361328125 0.06982421875 0.0390625 0.0107421875
1 0.43017578125 0.166015625 0.0107421875 0.044921875
1 0.4697265625 0.17236328125 0.013671875 0.0458984375
1 0.48583984375 0.17431640625 0.0126953125 0.0439453125
1 0.49755859375 0.17529296875 0.0126953125 0.0439453125
1 0.53662109375 0.1787109375 0.0146484375 0.044921875
1 0.580078125 0.18212890625 0.01171875 0.0439453125
1 0.67431640625 0.18798828125 0.0107421875 0.0439453125
1 0.7275390625 0.193359375 0.01171875 0.044921875
1 0.87744140625 0.20458984375 0.0146484375 0.0439453125
1 0.82177734375 0.53857421875 0.0126953125 0.0419921875
1 0.84423828125 0.53955078125 0.0107421875 0.0400390625
1 0.86865234375 0.541015625 0.0107421875 0.04296875
1 0.38525390625 0.5380859375 0.0400390625 0.013671875
1 0.37939453125 0.6044921875 0.0380859375 0.01171875
1 0.3779296875 0.62109375 0.04296875 0.01171875
1 0.3759765625 0.64599609375 0.0390625 0.0107421875
1 0.3671875 0.6865234375 0.037109375 0.01171875
1 0.36181640625 0.72802734375 0.0439453125 0.0126953125
1 0.35986328125 0.74169921875 0.0458984375 0.0146484375
1 0.34326171875 0.79833984375 0.0146484375 0.0380859375
1 0.35791015625 0.80517578125 0.0146484375 0.0302734375
1 0.224609375 0.84326171875 0.01171875 0.0400390625
1 0.23876953125 0.84814453125 0.0107421875 0.0380859375
1 0.25146484375 0.84716796875 0.0126953125 0.0400390625
1 0.26513671875 0.841796875 0.0126953125 0.037109375
1 0.27783203125 0.84375 0.0146484375 0.0390625
1 0.2900390625 0.84423828125 0.01171875 0.0380859375
1 0.3017578125 0.84521484375 0.009765625 0.0302734375
1 0.314453125 0.84521484375 0.009765625 0.0302734375
1 0.32421875 0.845703125 0.009765625 0.03125
1 0.3369140625 0.8427734375 0.009765625 0.0390625
1 0.2509765625 0.69287109375 0.041015625 0.0146484375
1 0.2578125 0.59765625 0.041015625 0.01171875
1 0.38818359375 0.5224609375 0.0400390625 0.01171875
1 0.2509765625 0.724609375 0.0390625 0.013671875
1 0.25244140625 0.70556640625 0.0380859375 0.0146484375
1 0.8681640625 0.6044921875 0.009765625 0.04296875
1 0.880859375 0.5400390625 0.009765625 0.03515625
1 0.90478515625 0.54345703125 0.0087890625 0.0439453125
1 0.91796875 0.5458984375 0.009765625 0.041015625
1 0.9306640625 0.54736328125 0.01171875 0.0439453125
1 0.94287109375 0.54931640625 0.0107421875 0.0439453125
1 0.7802734375 0.603515625 0.01171875 0.044921875
1 0.79345703125 0.6064453125 0.0107421875 0.044921875
1 0.8056640625 0.60693359375 0.01171875 0.0419921875
1 0.8193359375 0.60498046875 0.013671875 0.0439453125
1 0.83984375 0.60205078125 0.009765625 0.0361328125
1 0.8544921875 0.607421875 0.01171875 0.037109375
1 0.90966796875 0.5986328125 0.0107421875 0.04296875
1 0.2568359375 0.62548828125 0.041015625 0.0126953125
1 0.92724609375 0.599609375 0.0146484375 0.044921875
1 0.94091796875 0.599609375 0.0107421875 0.044921875
1 0.68994140625 0.58837890625 0.0419921875 0.0283203125
1 0.7392578125 0.5654296875 0.04296875 0.02734375
1 0.7314453125 0.58447265625 0.041015625 0.0263671875
1 0.736328125 0.59716796875 0.04296875 0.0283203125
1 0.34326171875 0.447265625 0.0478515625 0.029296875
1 0.263671875 0.5185546875 0.033203125 0.01171875
1 0.2607421875 0.54541015625 0.0390625 0.0126953125
1 0.26025390625 0.5576171875 0.0400390625 0.013671875
1 0.25927734375 0.5712890625 0.0419921875 0.01171875
0 0.9736328125 0.07568359375 0.0234375 0.0107421875
0 0.8212890625 0.017578125 0.01171875 0.021484375
0 0.81982421875 0.0439453125 0.0126953125 0.017578125
0 0.8544921875 0.04296875 0.021484375 0.01171875
0 0.90478515625 0.03076171875 0.0205078125 0.0126953125
0 0.92724609375 0.033203125 0.0205078125 0.01171875
0 0.90478515625 0.04150390625 0.0205078125 0.0146484375
0 0.92578125 0.0419921875 0.017578125 0.009765625
0 0.9765625 0.03662109375 0.01953125 0.0107421875
0 0.974609375 0.04638671875 0.021484375 0.0126953125
0 0.974609375 0.056640625 0.01953125 0.01171875
0 0.974609375 0.0654296875 0.021484375 0.01171875
0 0.92431640625 0.0634765625 0.0205078125 0.01171875
0 0.9248046875 0.05126953125 0.021484375 0.0126953125
0 0.90576171875 0.05126953125 0.0166015625 0.0087890625
0 0.9033203125 0.06103515625 0.017578125 0.0107421875
0 0.85107421875 0.05322265625 0.0205078125 0.0087890625
0 0.85302734375 0.06884765625 0.0205078125 0.0087890625
0 0.90185546875 0.07080078125 0.0185546875 0.0107421875
0 0.9228515625 0.07373046875 0.01953125 0.0107421875
0 0.97119140625 0.095703125 0.0244140625 0.013671875
0 0.89990234375 0.0791015625 0.0205078125 0.009765625
0 0.9677734375 0.138671875 0.01953125 0.01171875
0 0.91845703125 0.12353515625 0.0185546875 0.0107421875
0 0.9228515625 0.0830078125 0.017578125 0.009765625
0 0.92333984375 0.09326171875 0.0224609375 0.0126953125
0 0.90380859375 0.0927734375 0.0166015625 0.009765625
0 0.85107421875 0.07568359375 0.0205078125 0.0107421875
0 0.8505859375 0.08935546875 0.01953125 0.0107421875
0 0.8466796875 0.09912109375 0.021484375 0.0087890625
0 0.84716796875 0.10888671875 0.0244140625 0.0087890625
0 0.89697265625 0.1015625 0.0185546875 0.01171875
0 0.9169921875 0.1044921875 0.015625 0.0078125
0 0.96875 0.1162109375 0.0234375 0.01171875
0 0.91943359375 0.11328125 0.0205078125 0.009765625
0 0.8955078125 0.11181640625 0.01953125 0.0107421875
0 0.96875 0.1484375 0.02734375 0.013671875
0 0.89599609375 0.12255859375 0.0205078125 0.0107421875
0 0.8466796875 0.119140625 0.021484375 0.009765625
0 0.84814453125 0.12939453125 0.0205078125 0.0107421875
0 0.84765625 0.13818359375 0.021484375 0.0107421875
0 0.84716796875 0.150390625 0.0244140625 0.013671875
0 0.8916015625 0.1533203125 0.017578125 0.009765625
0 0.89599609375 0.14306640625 0.0224609375 0.0107421875
0 0.89404296875 0.1328125 0.0166015625 0.009765625
0 0.916015625 0.1337890625 0.01953125 0.01171875
0 0.91943359375 0.14404296875 0.0224609375 0.0107421875
0 0.91796875 0.1630859375 0.01953125 0.01171875
0 0.263671875 0.2646484375 0.017578125 0.009765625
0 0.25634765625 0.3271484375 0.0244140625 0.01171875
0 0.28076171875 0.05322265625 0.0244140625 0.0146484375
1 0.92724609375 0.29345703125 0.0341796875 0.0439453125
1 0.94482421875 0.2919921875 0.0341796875 0.04296875
1 0.95947265625 0.29541015625 0.0361328125 0.0419921875
1 0.9755859375 0.294921875 0.033203125 0.044921875
1 0.994140625 0.3076171875 0.01171875 0.021484375
1 0.890625 0.205078125 0.01171875 0.04296875
1 0.90380859375 0.20654296875 0.0126953125 0.0458984375
1 0.91796875 0.20751953125 0.017578125 0.0439453125
1 0.9326171875 0.208984375 0.01171875 0.044921875
1 0.912109375 0.29150390625 0.03515625 0.0439453125
1 0.89794921875 0.28955078125 0.0341796875 0.0419921875
1 0.88134765625 0.2880859375 0.0341796875 0.04296875
1 0.86572265625 0.28759765625 0.0341796875 0.0439453125
1 0.9892578125 0.33837890625 0.021484375 0.0361328125
1 0.97705078125 0.3388671875 0.0283203125 0.0390625
1 0.96044921875 0.33740234375 0.0302734375 0.0380859375
1 0.9453125 0.33740234375 0.033203125 0.0380859375
1 0.93017578125 0.33642578125 0.0322265625 0.0380859375
1 0.8486328125 0.3330078125 0.03125 0.041015625
1 0.8369140625 0.328125 0.033203125 0.0390625
1 0.95849609375 0.2099609375 0.0146484375 0.044921875
1 0.97119140625 0.2099609375 0.0146484375 0.04296875
1 0.9853515625 0.2109375 0.015625 0.046875
0 0.28466796875 0.00390625 0.0185546875 0.005859375
1 0.3896484375 0.17724609375 0.04296875 0.0283203125
