1 0.57861328125 0.5009765625 0.0185546875 0.037109375
1 0.26171875 0.18994140625 0.037109375 0.0361328125
1 0.23291015625 0.1982421875 0.0341796875 0.03515625
1 0.21630859375 0.201171875 0.0380859375 0.033203125
1 0.2978515625 0.259765625 0.0390625 0.015625
1 0.13818359375 0.22900390625 0.0380859375 0.0302734375
1 0.14208984375 0.2490234375 0.0380859375 0.025390625
1 0.1484375 0.26904296875 0.0390625 0.0263671875
1 0.15869140625 0.29248046875 0.0400390625 0.0244140625
1 0.16796875 0.3134765625 0.037109375 0.025390625
1 0.18115234375 0.33447265625 0.0380859375 0.0244140625
1 0.189453125 0.35400390625 0.0390625 0.0244140625
1 0.2021484375 0.3740234375 0.0390625 0.021484375
1 0.228515625 0.41015625 0.041015625 0.021484375
1 0.21630859375 0.3935546875 0.0400390625 0.01953125
1 0.2451171875 0.4296875 0.0390625 0.01953125
1 0.26171875 0.447265625 0.0390625 0.017578125
1 0.2939453125 0.48046875 0.0390625 0.015625
1 0.31103515625 0.49560546875 0.0400390625 0.0146484375
1 0.32958984375 0.5126953125 0.0400390625 0.017578125
1 0.3525390625 0.53173828125 0.0390625 0.0166015625
1 0.24755859375 0.19384765625 0.0361328125 0.0341796875
1 0.27734375 0.185546875 0.033203125 0.033203125
1 0.31298828125 0.41162109375 0.0166015625 0.0419921875
1 0.291015625 0.18212890625 0.037109375 0.0341796875
1 0.19580078125 0.150390625 0.0166015625 0.041015625
1 0.21044921875 0.1484375 0.0185546875 0.041015625
1 0.2255859375 0.1455078125 0.015625 0.041015625
1 0.2412109375 0.14013671875 0.017578125 0.0419921875
1 0.25537109375 0.13623046875 0.0166015625 0.0419921875
1 0.28466796875 0.1279296875 0.0146484375 0.04296875
1 0.298828125 0.1240234375 0.015625 0.04296875
1 0.31298828125 0.1181640625 0.0146484375 0.041015625
1 0.3271484375 0.1142578125 0.015625 0.04296875
1 0.3408203125 0.10888671875 0.015625 0.0419921875
1 0.35546875 0.10498046875 0.013671875 0.0400390625
1 0.36962890625 0.10009765625 0.0126953125 0.0400390625
1 0.3828125 0.0927734375 0.015625 0.041015625
1 0.39892578125 0.08740234375 0.0146484375 0.0400390625
1 0.36572265625 0.16064453125 0.0361328125 0.0341796875
1 0.35009765625 0.1650390625 0.0341796875 0.037109375
1 0.33447265625 0.16845703125 0.0341796875 0.0322265625
1 0.3193359375 0.1728515625 0.033203125 0.03125
1 0.30615234375 0.17724609375 0.0341796875 0.0341796875
1 0.30078125 0.4189453125 0.015625 0.041015625
1 0.32275390625 0.40625 0.0166015625 0.041015625
1 0.5673828125 0.5078125 0.017578125 0.037109375
1 0.462890625 0.44873046875 0.017578125 0.0400390625
1 0.48779296875 0.4375 0.0185546875 0.0390625
1 0.4990234375 0.43212890625 0.01953125 0.0400390625
1 0.5244140625 0.42138671875 0.017578125 0.0380859375
1 0.53759765625 0.416015625 0.0146484375 0.0390625
1 0.5810546875 0.39697265625 0.03125 0.0283203125
1 0.5869140625 0.42138671875 0.03125 0.0302734375
1 0.59423828125 0.44677734375 0.0302734375 0.0302734375
1 0.41455078125 0.57275390625 0.0166015625 0.0400390625
1 0.42822265625 0.56640625 0.0166015625 0.0390625
1 0.4404296875 0.5634765625 0.013671875 0.037109375
1 0.453125 0.5556640625 0.015625 0.0390625
1 0.46533203125 0.5517578125 0.0205078125 0.0390625
1 0.478515625 0.5439453125 0.017578125 0.0390625
1 0.49169921875 0.53955078125 0.0146484375 0.0400390625
1 0.50439453125 0.53369140625 0.0185546875 0.0400390625
1 0.517578125 0.529296875 0.017578125 0.0390625
1 0.529296875 0.52294921875 0.01953125 0.0400390625
1 0.5419921875 0.51904296875 0.01953125 0.0380859375
1 0.5546875 0.51171875 0.017578125 0.037109375
1 0.47509765625 0.443359375 0.0166015625 0.0390625
1 0.4501953125 0.453125 0.017578125 0.0390625
1 0.33740234375 0.39990234375 0.0185546875 0.0419921875
1 0.4384765625 0.45947265625 0.017578125 0.0419921875
1 0.34912109375 0.39501953125 0.0166015625 0.0419921875
1 0.36083984375 0.390625 0.0205078125 0.041015625
1 0.373046875 0.38427734375 0.015625 0.0400390625
1 0.38623046875 0.37841796875 0.0166015625 0.0400390625
1 0.39794921875 0.3720703125 0.0166015625 0.0390625
1 0.41015625 0.3671875 0.017578125 0.0390625
1 0.42333984375 0.361328125 0.0185546875 0.0390625
1 0.4345703125 0.35595703125 0.017578125 0.0400390625
1 0.447265625 0.3505859375 0.017578125 0.0390625
1 0.46044921875 0.34423828125 0.0185546875 0.0400390625
1 0.4736328125 0.3388671875 0.017578125 0.0390625
1 0.4853515625 0.33154296875 0.015625 0.0400390625
1 0.49755859375 0.3271484375 0.0185546875 0.0390625
1 0.5107421875 0.322265625 0.017578125 0.0390625
1 0.37548828125 0.48974609375 0.0205078125 0.0380859375
1 0.38818359375 0.482421875 0.0166015625 0.041015625
1 0.40087890625 0.47802734375 0.0166015625 0.0400390625
1 0.41162109375 0.47021484375 0.0185546875 0.0400390625
1 0.4248046875 0.46533203125 0.017578125 0.0400390625
1 0.1796875 0.15380859375 0.017578125 0.0419921875
