2 0.73828125 0.2138671875 0.04296875 0.03515625
2 0.71826171875 0.255859375 0.0517578125 0.046875
2 0.68408203125 0.28759765625 0.0400390625 0.0439453125
2 0.7451171875 0.39453125 0.044921875 0.044921875
2 0.896484375 0.421875 0.0703125 0.0625
2 0.89013671875 0.49267578125 0.0361328125 0.0263671875
2 0.93896484375 0.138671875 0.0654296875 0.05859375
2 0.943359375 0.2099609375 0.068359375 0.064453125
2 0.96044921875 0.2724609375 0.0634765625 0.0625
2 0.9755859375 0.3349609375 0.048828125 0.072265625
2 0.640625 0.1240234375 0.04296875 0.04296875
2 0.41162109375 0.02685546875 0.0810546875 0.0517578125
2 0.56982421875 0.033203125 0.0576171875 0.064453125
2 0.21875 0.00341796875 0.033203125 0.0048828125
2 0.13671875 0.00634765625 0.064453125 0.0107421875
2 0.19140625 0.1552734375 0.080078125 0.080078125
2 0.33251953125 0.1259765625 0.0712890625 0.072265625
2 0.58447265625 0.2470703125 0.0322265625 0.03125
2 0.5595703125 0.1923828125 0.041015625 0.041015625
2 0.61328125 0.16845703125 0.041015625 0.0439453125
2 0.3984375 0.1689453125 0.064453125 0.06640625
2 0.455078125 0.12939453125 0.09765625 0.1005859375
2 0.3623046875 0.060546875 0.087890625 0.08203125
2 0.49755859375 0.07080078125 0.0712890625 0.0693359375
2 0.9638671875 0.64013671875 0.072265625 0.0673828125
