0 0.2392578125 0.2646484375 0.0234375 0.025390625
0 0.22802734375 0.2763671875 0.0244140625 0.025390625
1 0.11181640625 0.4287109375 0.0380859375 0.033203125
1 0.119140625 0.44091796875 0.037109375 0.0322265625
1 0.12939453125 0.44970703125 0.0361328125 0.0302734375
1 0.142578125 0.46484375 0.0390625 0.03125
1 0.15283203125 0.47998046875 0.0400390625 0.0302734375
1 0.1611328125 0.49169921875 0.041015625 0.0302734375
1 0.169921875 0.50537109375 0.0390625 0.0302734375
1 0.17724609375 0.51708984375 0.0400390625 0.0302734375
1 0.2412109375 0.49951171875 0.033203125 0.0478515625
1 0.267578125 0.4912109375 0.02734375 0.04296875
1 0.28955078125 0.4814453125 0.0302734375 0.046875
1 0.30810546875 0.48193359375 0.0263671875 0.0458984375
1 0.328125 0.482421875 0.025390625 0.046875
1 0.3466796875 0.4775390625 0.0234375 0.044921875
1 0.36376953125 0.4794921875 0.0224609375 0.044921875
1 0.3798828125 0.4775390625 0.01953125 0.046875
1 0.44677734375 0.3779296875 0.0126953125 0.064453125
1 0.3818359375 0.3603515625 0.044921875 0.029296875
1 0.3857421875 0.3427734375 0.044921875 0.02734375
0 0.18701171875 0.3134765625 0.0283203125 0.025390625
0 0.1982421875 0.302734375 0.02734375 0.02734375
0 0.208984375 0.29638671875 0.0234375 0.0244140625
0 0.21875 0.28662109375 0.025390625 0.0244140625
1 0.42724609375 0.23974609375 0.0146484375 0.0498046875
