1 0.8583984375 0.255859375 0.08203125 0.03125
1 0.2265625 0.8291015625 0.083984375 0.015625
1 0.6337890625 0.95654296875 0.0703125 0.0322265625
1 0.56884765625 0.966796875 0.0556640625 0.01953125
1 0.55078125 0.91259765625 0.083984375 0.0146484375
1 0.390625 0.94580078125 0.072265625 0.0126953125
1 0.38623046875 0.91748046875 0.0908203125 0.0126953125
1 0.39111328125 0.904296875 0.0849609375 0.01171875
1 0.41162109375 0.8798828125 0.0830078125 0.015625
1 0.3955078125 0.865234375 0.083984375 0.01171875
1 0.3896484375 0.8505859375 0.0859375 0.01171875
1 0.404296875 0.83740234375 0.072265625 0.0126953125
1 0.39892578125 0.8232421875 0.0771484375 0.015625
1 0.3955078125 0.81005859375 0.0703125 0.0126953125
1 0.38134765625 0.79638671875 0.0869140625 0.0146484375
1 0.228515625 0.80029296875 0.076171875 0.0166015625
1 0.22119140625 0.85595703125 0.0869140625 0.0166015625
1 0.54296875 0.88525390625 0.072265625 0.0146484375
1 0.22265625 0.8828125 0.0859375 0.013671875
1 0.22705078125 0.9228515625 0.0849609375 0.017578125
1 0.07763671875 0.84521484375 0.0771484375 0.0146484375
1 0.07470703125 0.81884765625 0.0849609375 0.0166015625
1 0.078125 0.80615234375 0.083984375 0.0146484375
1 0.07421875 0.7919921875 0.083984375 0.013671875
1 0.072265625 0.7783203125 0.0859375 0.017578125
1 0.0810546875 0.7373046875 0.0859375 0.013671875
1 0.07861328125 0.71240234375 0.0732421875 0.0107421875
1 0.0791015625 0.69775390625 0.0859375 0.0126953125
1 0.08447265625 0.67138671875 0.0791015625 0.0146484375
1 0.080078125 0.54931640625 0.083984375 0.0166015625
1 0.095703125 0.3076171875 0.076171875 0.013671875
1 0.08642578125 0.2958984375 0.0849609375 0.013671875
1 0.546875 0.89794921875 0.080078125 0.0126953125
1 0.54833984375 0.87109375 0.0654296875 0.01171875
1 0.76025390625 0.2314453125 0.0849609375 0.015625
1 0.40234375 0.37353515625 0.087890625 0.0126953125
1 0.7958984375 0.48095703125 0.078125 0.0302734375
1 0.59326171875 0.380859375 0.0751953125 0.046875
1 0.546875 0.42236328125 0.076171875 0.0458984375
1 0.6962890625 0.33154296875 0.07421875 0.0439453125
1 0.623046875 0.076171875 0.052734375 0.01171875
1 0.6611328125 0.21923828125 0.08203125 0.0166015625
1 0.6328125 0.23486328125 0.087890625 0.0166015625
1 0.625 0.2529296875 0.083984375 0.013671875
1 0.48583984375 0.23779296875 0.0771484375 0.0166015625
1 0.33984375 0.19873046875 0.083984375 0.0126953125
1 0.32080078125 0.52587890625 0.0146484375 0.0576171875
1 0.40234375 0.4130859375 0.080078125 0.013671875
1 0.40234375 0.39892578125 0.080078125 0.0107421875
1 0.40869140625 0.38525390625 0.0791015625 0.0126953125
1 0.3994140625 0.35986328125 0.08203125 0.0146484375
1 0.19287109375 0.65380859375 0.0751953125 0.0654296875
1 0.40185546875 0.3447265625 0.0849609375 0.013671875
1 0.39599609375 0.33154296875 0.0810546875 0.0166015625
1 0.31640625 0.31005859375 0.087890625 0.0185546875
1 0.23583984375 0.384765625 0.0830078125 0.015625
1 0.23779296875 0.39990234375 0.0830078125 0.0146484375
1 0.23828125 0.42724609375 0.080078125 0.0126953125
1 0.23388671875 0.453125 0.0830078125 0.01171875
1 0.23291015625 0.46533203125 0.0869140625 0.0126953125
1 0.2412109375 0.478515625 0.0859375 0.01171875
1 0.21533203125 0.50634765625 0.0615234375 0.0126953125
1 0.22900390625 0.4931640625 0.0830078125 0.013671875
1 0.2001953125 0.58154296875 0.072265625 0.0595703125
1 0.21044921875 0.5478515625 0.0693359375 0.0625
1 0.20166015625 0.564453125 0.0712890625 0.05859375
1 0.0927734375 0.28076171875 0.08984375 0.0126953125
