1 0.48681640625 0.72705078125 0.0146484375 0.0107421875
1 0.3671875 0.74658203125 0.01171875 0.0185546875
3 0.24658203125 0.6484375 0.0322265625 0.029296875
3 0.2783203125 0.6337890625 0.03125 0.029296875
3 0.30029296875 0.662109375 0.0185546875 0.017578125
3 0.3115234375 0.6865234375 0.017578125 0.015625
3 0.255859375 0.6845703125 0.025390625 0.01953125
3 0.29248046875 0.69677734375 0.0244140625 0.0205078125
3 0.26708984375 0.708984375 0.0244140625 0.01953125
3 0.17626953125 0.7802734375 0.0283203125 0.025390625
