4 0.01318359375 0.36376953125 0.0244140625 0.0458984375
4 0.24853515625 0.4033203125 0.0419921875 0.04296875
4 0.232421875 0.3876953125 0.041015625 0.046875
4 0.2197265625 0.37060546875 0.04296875 0.0458984375
4 0.19921875 0.35791015625 0.041015625 0.0439453125
4 0.16552734375 0.3330078125 0.0361328125 0.04296875
4 0.13720703125 0.30078125 0.0400390625 0.046875
4 0.123046875 0.2890625 0.0390625 0.044921875
4 0.08642578125 0.26611328125 0.0458984375 0.0537109375
4 0.1220703125 0.22216796875 0.037109375 0.0419921875
4 0.169921875 0.26025390625 0.041015625 0.0478515625
4 0.2021484375 0.28662109375 0.037109375 0.0458984375
4 0.2216796875 0.302734375 0.0390625 0.046875
4 0.25390625 0.3310546875 0.037109375 0.044921875
4 0.36474609375 0.49560546875 0.0341796875 0.0419921875
4 0.43212890625 0.4814453125 0.0439453125 0.046875
4 0.0380859375 0.3935546875 0.048828125 0.052734375
4 0.0107421875 0.43798828125 0.01953125 0.0341796875
4 0.02783203125 0.47412109375 0.0478515625 0.0498046875
4 0.1005859375 0.4619140625 0.044921875 0.046875
4 0.15283203125 0.60107421875 0.0556640625 0.0517578125
4 0.16845703125 0.58544921875 0.0517578125 0.0439453125
4 0.19873046875 0.5595703125 0.0654296875 0.05859375
4 0.12744140625 0.5634765625 0.0458984375 0.05078125
4 0.1103515625 0.54638671875 0.044921875 0.0439453125
4 0.15283203125 0.50048828125 0.0517578125 0.0556640625
4 0.0966796875 0.5302734375 0.046875 0.048828125
4 0.041015625 0.4912109375 0.041015625 0.046875
4 0.41748046875 0.46630859375 0.0458984375 0.0498046875
4 0.4013671875 0.4482421875 0.0390625 0.044921875
4 0.38720703125 0.43603515625 0.0380859375 0.0439453125
4 0.31298828125 0.16015625 0.0361328125 0.041015625
4 0.4248046875 0.248046875 0.0390625 0.046875
4 0.40771484375 0.2333984375 0.0400390625 0.048828125
4 0.373046875 0.275390625 0.041015625 0.044921875
4 0.3427734375 0.25146484375 0.037109375 0.0419921875
4 0.3623046875 0.19677734375 0.04296875 0.0439453125
4 0.32666015625 0.23779296875 0.0419921875 0.0458984375
4 0.3447265625 0.18505859375 0.033203125 0.0400390625
4 0.2822265625 0.1962890625 0.03515625 0.037109375
4 0.6376953125 0.28076171875 0.0390625 0.0380859375
4 0.4375 0.26171875 0.037109375 0.04296875
4 0.6083984375 0.2568359375 0.033203125 0.0390625
4 0.591796875 0.244140625 0.037109375 0.04296875
4 0.578125 0.23046875 0.033203125 0.041015625
4 0.56298828125 0.21923828125 0.0341796875 0.0400390625
4 0.5498046875 0.20703125 0.0390625 0.046875
4 0.59375 0.1796875 0.03515625 0.041015625
4 0.56396484375 0.15576171875 0.0400390625 0.0439453125
4 0.50146484375 0.171875 0.0341796875 0.0390625
4 0.39013671875 0.28955078125 0.0400390625 0.0419921875
4 0.40478515625 0.30224609375 0.0439453125 0.0458984375
4 0.3720703125 0.42333984375 0.044921875 0.0517578125
4 0.57177734375 0.4248046875 0.0419921875 0.044921875
4 0.3310546875 0.4677734375 0.0390625 0.04296875
4 0.3525390625 0.4130859375 0.0390625 0.044921875
4 0.298828125 0.43896484375 0.04296875 0.0498046875
4 0.333984375 0.39990234375 0.041015625 0.0419921875
4 0.2822265625 0.42919921875 0.048828125 0.0517578125
4 0.318359375 0.38720703125 0.0390625 0.0419921875
4 0.265625 0.41650390625 0.0390625 0.0458984375
4 0.58935546875 0.43408203125 0.0458984375 0.0517578125
4 0.5908203125 0.375 0.05078125 0.044921875
4 0.4169921875 0.31591796875 0.041015625 0.0478515625
4 0.51220703125 0.3671875 0.0419921875 0.048828125
4 0.4794921875 0.3681640625 0.048828125 0.052734375
4 0.51513671875 0.32373046875 0.0439453125 0.0478515625
4 0.45068359375 0.3408203125 0.0341796875 0.041015625
4 0.49853515625 0.31201171875 0.0380859375 0.0498046875
4 0.48486328125 0.30029296875 0.0380859375 0.0419921875
4 0.4326171875 0.330078125 0.048828125 0.052734375
4 0.4677734375 0.2861328125 0.04296875 0.044921875
5 0.83935546875 0.0673828125 0.2158203125 0.1328125
5 0.68359375 0.13037109375 0.373046875 0.2587890625
5 0.6318359375 0.24560546875 0.5859375 0.4892578125
5 0.396484375 0.2607421875 0.47265625 0.412109375
5 0.25439453125 0.36328125 0.4052734375 0.35546875
5 0.123046875 0.4765625 0.244140625 0.30859375
4 0.48583984375 0.16015625 0.0380859375 0.037109375
4 0.53515625 0.1279296875 0.037109375 0.04296875
4 0.52001953125 0.1181640625 0.0380859375 0.044921875
4 0.50244140625 0.1064453125 0.0380859375 0.04296875
4 0.51025390625 0.0078125 0.0205078125 0.013671875
4 0.412109375 0.03466796875 0.03515625 0.0400390625
4 0.4716796875 0.14501953125 0.041015625 0.0458984375
4 0.4580078125 0.134765625 0.0390625 0.04296875
4 0.43994140625 0.12109375 0.0380859375 0.041015625
4 0.45849609375 0.07177734375 0.0380859375 0.0419921875
4 0.41259765625 0.0966796875 0.0283203125 0.03515625
4 0.39501953125 0.087890625 0.0380859375 0.04296875
4 0.3505859375 0.052734375 0.0390625 0.046875
4 0.4267578125 0.04931640625 0.03125 0.0361328125
4 0.64697265625 0.09765625 0.0302734375 0.037109375
4 0.63427734375 0.08642578125 0.0302734375 0.0361328125
4 0.58935546875 0.04931640625 0.0302734375 0.0380859375
4 0.603515625 0.0126953125 0.02734375 0.0234375
4 0.6484375 0.0361328125 0.037109375 0.04296875
4 0.5478515625 0.01806640625 0.033203125 0.0341796875
4 0.52880859375 0.0107421875 0.0283203125 0.01953125
4 0.5830078125 0.005859375 0.017578125 0.009765625
4 0.83740234375 0.01611328125 0.0244140625 0.0302734375
4 0.837890625 0.0693359375 0.037109375 0.04296875
4 0.8798828125 0.1025390625 0.03125 0.03515625
4 0.86669921875 0.0927734375 0.0322265625 0.037109375
4 0.92431640625 0.0791015625 0.0283203125 0.0390625
4 0.908203125 0.06591796875 0.03515625 0.0380859375
4 0.865234375 0.03955078125 0.02734375 0.0322265625
4 0.82568359375 0.0546875 0.0263671875 0.03125
4 0.8544921875 0.01904296875 0.029296875 0.0341796875
4 0.81396484375 0.04736328125 0.0263671875 0.0322265625
4 0.734375 0.109375 0.037109375 0.041015625
4 0.7939453125 0.03759765625 0.03125 0.0361328125
4 0.6611328125 0.11083984375 0.033203125 0.0361328125
4 0.6767578125 0.06103515625 0.037109375 0.0400390625
4 0.662109375 0.04931640625 0.029296875 0.0380859375
4 0.8212890625 0.009765625 0.029296875 0.017578125
4 0.76611328125 0.01806640625 0.0283203125 0.0341796875
4 0.75341796875 0.01171875 0.0263671875 0.021484375
4 0.71875 0.0966796875 0.03515625 0.0390625
4 0.89892578125 0.11328125 0.0263671875 0.03125
4 0.8916015625 0.44140625 0.06640625 0.07421875
4 0.69873046875 0.2666015625 0.0380859375 0.041015625
4 0.79638671875 0.3564453125 0.0439453125 0.046875
4 0.7646484375 0.34521484375 0.044921875 0.0517578125
4 0.759765625 0.3125 0.037109375 0.04296875
4 0.744140625 0.298828125 0.033203125 0.0390625
4 0.6982421875 0.3291015625 0.03515625 0.041015625
4 0.72802734375 0.28955078125 0.0322265625 0.0380859375
4 0.68115234375 0.31787109375 0.0380859375 0.0439453125
4 0.66650390625 0.30419921875 0.0380859375 0.0419921875
4 0.68408203125 0.251953125 0.0361328125 0.041015625
4 0.76025390625 0.13232421875 0.0302734375 0.0322265625
4 0.6513671875 0.29052734375 0.03515625 0.0400390625
4 0.79052734375 0.2158203125 0.0341796875 0.037109375
4 0.8486328125 0.201171875 0.041015625 0.046875
4 0.81787109375 0.1806640625 0.0322265625 0.037109375
4 0.77685546875 0.20458984375 0.0302734375 0.0361328125
4 0.74755859375 0.18115234375 0.0322265625 0.0380859375
4 0.77734375 0.14501953125 0.033203125 0.0380859375
4 0.71826171875 0.15869140625 0.0341796875 0.0400390625
