1 0.28076171875 0.83349609375 0.0146484375 0.0048828125
4 0.44384765625 0.51513671875 0.0166015625 0.0576171875
4 0.08935546875 0.44091796875 0.0126953125 0.0068359375
4 0.1240234375 0.3564453125 0.009765625 0.017578125
4 0.05029296875 0.19677734375 0.0205078125 0.0166015625
4 0.1767578125 0.4853515625 0.01171875 0.017578125
4 0.18017578125 0.349609375 0.0087890625 0.01953125
4 0.17431640625 0.4091796875 0.0166015625 0.01953125
4 0.41943359375 0.5419921875 0.0087890625 0.017578125
4 0.42724609375 0.5341796875 0.0068359375 0.015625
4 0.64013671875 0.55078125 0.0146484375 0.0234375
1 0.31298828125 0.8095703125 0.0107421875 0.005859375
1 0.28173828125 0.80859375 0.0126953125 0.005859375
1 0.25732421875 0.79345703125 0.0048828125 0.0107421875
1 0.25 0.7919921875 0.005859375 0.01171875
1 0.3046875 0.833984375 0.01171875 0.005859375
1 0.248046875 0.83740234375 0.009765625 0.0048828125
0 0.25634765625 0.8818359375 0.0048828125 0.009765625
0 0.3583984375 0.87939453125 0.009765625 0.0126953125
4 0.21337890625 0.4189453125 0.0810546875 0.494140625
3 0.984375 0.7109375 0.03125 0.029296875
3 0.99072265625 0.7470703125 0.0185546875 0.01953125
3 0.99658203125 0.771484375 0.0068359375 0.01953125
5 0.32666015625 0.435546875 0.1845703125 0.66015625
5 0.09033203125 0.8359375 0.1767578125 0.20703125
3 0.91455078125 0.8427734375 0.0283203125 0.025390625
4 0.63427734375 0.443359375 0.0244140625 0.029296875
