7 0.599609375 0.20751953125 0.095703125 0.0556640625
9 0.06591796875 0.06787109375 0.0166015625 0.0283203125
9 0.0390625 0.18017578125 0.03125 0.0146484375
9 0.0380859375 0.275390625 0.01953125 0.033203125
9 0.064453125 0.63525390625 0.015625 0.0283203125
9 0.0595703125 0.5419921875 0.0234375 0.037109375
10 0.45654296875 0.15673828125 0.1435546875 0.1357421875
7 0.3525390625 0.1005859375 0.2734375 0.19921875
7 0.59130859375 0.05224609375 0.1376953125 0.0791015625
7 0.5986328125 0.13525390625 0.095703125 0.0556640625
7 0.61865234375 0.498046875 0.1533203125 0.26171875
6 0.8447265625 0.6591796875 0.283203125 0.615234375
7 0.31103515625 0.44287109375 0.2060546875 0.2568359375
7 0.4990234375 0.80078125 0.369140625 0.228515625
7 0.46826171875 0.59033203125 0.1240234375 0.1708984375
7 0.22216796875 0.8330078125 0.1201171875 0.171875
7 0.22900390625 0.654296875 0.1220703125 0.17578125
10 0.4501953125 0.3896484375 0.12890625 0.14453125
8 0.7861328125 0.5732421875 0.041015625 0.083984375
8 0.83447265625 0.57373046875 0.0419921875 0.0830078125
8 0.88330078125 0.5751953125 0.0419921875 0.083984375
7 0.79150390625 0.15185546875 0.2177734375 0.3017578125
8 0.78271484375 0.7060546875 0.0419921875 0.0859375
8 0.83203125 0.70751953125 0.041015625 0.0849609375
8 0.880859375 0.7080078125 0.04296875 0.0859375
