7 0.3994140625 0.20751953125 0.095703125 0.0556640625
10 0.25634765625 0.15673828125 0.1435546875 0.1357421875
7 0.15234375 0.1005859375 0.2734375 0.19921875
7 0.39111328125 0.05224609375 0.1376953125 0.0791015625
7 0.3984375 0.13525390625 0.095703125 0.0556640625
7 0.41845703125 0.498046875 0.1533203125 0.26171875
6 0.64453125 0.6591796875 0.283203125 0.615234375
7 0.11083984375 0.44287109375 0.2060546875 0.2568359375
7 0.298828125 0.80078125 0.369140625 0.228515625
7 0.26806640625 0.59033203125 0.1240234375 0.1708984375
7 0.04150390625 0.8330078125 0.0810546875 0.171875
7 0.04541015625 0.65478515625 0.0888671875 0.1748046875
10 0.25 0.3896484375 0.12890625 0.14453125
8 0.5859375 0.5732421875 0.041015625 0.083984375
8 0.63427734375 0.57373046875 0.0419921875 0.0830078125
8 0.68310546875 0.5751953125 0.0419921875 0.083984375
7 0.59130859375 0.15185546875 0.2177734375 0.3017578125
8 0.58251953125 0.7060546875 0.0419921875 0.0859375
8 0.6318359375 0.70751953125 0.041015625 0.0849609375
8 0.6806640625 0.7080078125 0.04296875 0.0859375
