1 0.7763671875 0.41357421875 0.017578125 0.0126953125
1 0.216796875 0.39111328125 0.02734375 0.0224609375
1 0.6923828125 0.38671875 0.01953125 0.017578125
1 0.69580078125 0.39208984375 0.0166015625 0.0166015625
1 0.69921875 0.39599609375 0.017578125 0.0166015625
1 0.703125 0.400390625 0.017578125 0.015625
1 0.70556640625 0.40478515625 0.0185546875 0.0146484375
1 0.708984375 0.4091796875 0.017578125 0.015625
1 0.716796875 0.41845703125 0.017578125 0.0166015625
1 0.7197265625 0.423828125 0.017578125 0.015625
1 0.7236328125 0.4287109375 0.017578125 0.015625
1 0.72705078125 0.43359375 0.0185546875 0.015625
1 0.7568359375 0.40234375 0.021484375 0.015625
1 0.7431640625 0.46044921875 0.009765625 0.0146484375
1 0.75390625 0.46435546875 0.009765625 0.0166015625
1 0.75927734375 0.466796875 0.0107421875 0.015625
1 0.23193359375 0.3984375 0.0146484375 0.013671875
1 0.763671875 0.46923828125 0.009765625 0.0146484375
1 0.77001953125 0.4697265625 0.0087890625 0.015625
1 0.7763671875 0.470703125 0.009765625 0.015625
1 0.78076171875 0.47216796875 0.0087890625 0.0166015625
1 0.78662109375 0.47314453125 0.0087890625 0.0146484375
1 0.796875 0.4755859375 0.0078125 0.013671875
1 0.802734375 0.47705078125 0.005859375 0.0146484375
