0 0.23779296875 0.73095703125 0.0087890625 0.0107421875
0 0.17822265625 0.50048828125 0.0107421875 0.0107421875
0 0.1826171875 0.4931640625 0.01171875 0.01171875
1 0.18115234375 0.45361328125 0.0107421875 0.0185546875
1 0.1640625 0.39111328125 0.01171875 0.0205078125
0 0.10009765625 0.28564453125 0.0107421875 0.0146484375
0 0.03564453125 0.00390625 0.0087890625 0.005859375
0 0.09033203125 0.0439453125 0.0087890625 0.015625
1 0.1005859375 0.05712890625 0.013671875 0.0224609375
13 0.2509765625 0.8193359375 0.044921875 0.068359375
13 0.21044921875 0.818359375 0.0458984375 0.068359375
1 0.2041015625 0.56201171875 0.015625 0.0400390625
1 0.14892578125 0.32421875 0.0126953125 0.033203125
1 0.11474609375 0.1552734375 0.0166015625 0.04296875
