0 0.60986328125 0.08203125 0.0244140625 0.02734375
0 0.69140625 0.0673828125 0.01171875 0.021484375
1 0.1298828125 0.2099609375 0.03515625 0.0234375
1 0.2890625 0.56884765625 0.04296875 0.0244140625
2 0.7294921875 0.18798828125 0.08984375 0.0986328125
2 0.87890625 0.28955078125 0.103515625 0.1142578125
2 0.1689453125 0.2607421875 0.1015625 0.095703125
2 0.20166015625 0.3359375 0.0986328125 0.099609375
2 0.3837890625 0.31494140625 0.076171875 0.0751953125
2 0.41064453125 0.38427734375 0.0712890625 0.0771484375
2 0.03369140625 0.37255859375 0.0654296875 0.0869140625
2 0.0478515625 0.447265625 0.09375 0.09375
2 0.0830078125 0.5302734375 0.1171875 0.1171875
0 0.6962890625 0.1142578125 0.015625 0.021484375
0 0.7119140625 0.0654296875 0.01171875 0.021484375
0 0.6767578125 0.04833984375 0.021484375 0.0126953125
0 0.76513671875 0.11376953125 0.0107421875 0.0205078125
0 0.67724609375 0.0380859375 0.0224609375 0.01171875
0 0.67431640625 0.02734375 0.0244140625 0.01171875
0 0.748046875 0.0380859375 0.0234375 0.009765625
0 0.74462890625 0.02734375 0.0205078125 0.01171875
0 0.7431640625 0.02001953125 0.025390625 0.0146484375
0 0.79443359375 0.041015625 0.0244140625 0.013671875
0 0.50244140625 0.02294921875 0.0283203125 0.0205078125
0 0.7919921875 0.029296875 0.01953125 0.009765625
0 0.7333984375 0.0654296875 0.01171875 0.017578125
0 0.71728515625 0.11474609375 0.0107421875 0.0205078125
0 0.72705078125 0.11328125 0.0146484375 0.021484375
0 0.775390625 0.115234375 0.01171875 0.021484375
0 0.78515625 0.11376953125 0.015625 0.0224609375
1 0.1865234375 0.18896484375 0.044921875 0.0244140625
