2 0.3759765625 0.51025390625 0.04296875 0.0517578125
2 0.0234375 0.65283203125 0.044921875 0.0791015625
2 0.20263671875 0.72412109375 0.0439453125 0.0478515625
2 0.21728515625 0.64501953125 0.0458984375 0.0439453125
2 0.24853515625 0.61962890625 0.0478515625 0.0478515625
2 0.3017578125 0.6181640625 0.046875 0.037109375
2 0.34814453125 0.623046875 0.0458984375 0.033203125
2 0.3916015625 0.630859375 0.044921875 0.037109375
2 0.30322265625 0.85595703125 0.0576171875 0.0556640625
2 0.349609375 0.82958984375 0.05859375 0.0537109375
2 0.39892578125 0.83251953125 0.0751953125 0.0712890625
2 0.43310546875 0.8779296875 0.0810546875 0.08203125
2 0.47216796875 0.92626953125 0.0751953125 0.0751953125
2 0.51123046875 0.96435546875 0.0830078125 0.0712890625
