9 0.84423828125 0.90966796875 0.0146484375 0.0087890625
9 0.79248046875 0.7255859375 0.0205078125 0.015625
9 0.2236328125 0.716796875 0.044921875 0.029296875
9 0.3076171875 0.8740234375 0.017578125 0.009765625
9 0.564453125 0.8798828125 0.03125 0.02734375
9 0.3251953125 0.59814453125 0.029296875 0.0283203125
9 0.34033203125 0.52197265625 0.0263671875 0.0205078125
9 0.85205078125 0.78076171875 0.0166015625 0.0166015625
9 0.880859375 0.234375 0.0390625 0.03125
8 0.6611328125 0.0205078125 0.01953125 0.041015625
8 0.69189453125 0.02099609375 0.0205078125 0.0419921875
8 0.6181640625 0.095703125 0.01953125 0.041015625
8 0.5869140625 0.09423828125 0.017578125 0.0419921875
8 0.52490234375 0.09375 0.0205078125 0.041015625
9 0.63818359375 0.79345703125 0.0205078125 0.0185546875
