2 0.51513671875 0.17626953125 0.0283203125 0.0380859375
2 0.513671875 0.275390625 0.02734375 0.0390625
2 0.50830078125 0.34912109375 0.0341796875 0.0419921875
2 0.4150390625 0.32080078125 0.033203125 0.0400390625
2 0.4541015625 0.51171875 0.029296875 0.0390625
2 0.4521484375 0.55859375 0.03125 0.041015625
2 0.42529296875 0.533203125 0.0263671875 0.0390625
2 0.42578125 0.5810546875 0.01953125 0.03125
2 0.45166015625 0.6044921875 0.0205078125 0.02734375
2 0.431640625 0.8115234375 0.068359375 0.056640625
2 0.41943359375 0.125 0.0244140625 0.0390625
