2 0.3583984375 0.49365234375 0.029296875 0.0361328125
2 0.35546875 0.40869140625 0.03515625 0.0400390625
2 0.51220703125 0.26806640625 0.0380859375 0.0458984375
2 0.6044921875 0.7998046875 0.037109375 0.044921875
2 0.609375 0.90380859375 0.02734375 0.0380859375
2 0.51416015625 0.802734375 0.0341796875 0.044921875
2 0.51025390625 0.6689453125 0.0283203125 0.037109375
2 0.5146484375 0.46484375 0.04296875 0.056640625
2 0.5185546875 0.39794921875 0.0390625 0.0478515625
2 0.51318359375 0.33349609375 0.0361328125 0.0498046875
2 0.4931640625 0.1875 0.0390625 0.046875
2 0.599609375 0.66748046875 0.02734375 0.0400390625
2 0.33447265625 0.8515625 0.0341796875 0.041015625
2 0.375 0.8359375 0.0390625 0.02734375
2 0.408203125 0.916015625 0.04296875 0.046875
2 0.423828125 0.8505859375 0.029296875 0.0390625
2 0.42138671875 0.80615234375 0.0263671875 0.0380859375
2 0.41943359375 0.75927734375 0.0302734375 0.0419921875
2 0.4189453125 0.71533203125 0.025390625 0.0380859375
2 0.5546875 0.78125 0.037109375 0.02734375
2 0.59912109375 0.6220703125 0.0283203125 0.041015625
2 0.4169921875 0.62890625 0.025390625 0.0390625
2 0.59765625 0.29638671875 0.041015625 0.0517578125
2 0.5986328125 0.43115234375 0.02734375 0.0380859375
2 0.8955078125 0.4033203125 0.06640625 0.056640625
2 0.89794921875 0.58349609375 0.0615234375 0.0693359375
2 0.9326171875 0.7109375 0.0546875 0.052734375
2 0.9013671875 0.74853515625 0.06640625 0.0537109375
2 0.59716796875 0.4970703125 0.0419921875 0.05859375
2 0.4189453125 0.67431640625 0.02734375 0.0361328125
2 0.4169921875 0.21484375 0.044921875 0.033203125
14 0.00927734375 0.94189453125 0.0166015625 0.0439453125
2 0.0419921875 0.232421875 0.06640625 0.0625
2 0.02294921875 0.24462890625 0.0439453125 0.0380859375
2 0.1572265625 0.87939453125 0.04296875 0.0458984375
2 0.05224609375 0.8583984375 0.0341796875 0.041015625
2 0.1484375 0.81298828125 0.029296875 0.0419921875
2 0.42724609375 0.3515625 0.0302734375 0.041015625
2 0.23779296875 0.85595703125 0.0283203125 0.0380859375
2 0.4287109375 0.39892578125 0.029296875 0.0400390625
2 0.4306640625 0.44482421875 0.03125 0.0400390625
2 0.43408203125 0.4921875 0.0302734375 0.041015625
2 0.3564453125 0.34716796875 0.03125 0.0419921875
2 0.32568359375 0.67529296875 0.0283203125 0.0400390625
2 0.3291015625 0.76416015625 0.025390625 0.0400390625
2 0.28076171875 0.849609375 0.0400390625 0.029296875
2 0.23779296875 0.810546875 0.0244140625 0.0390625
2 0.1455078125 0.76904296875 0.03125 0.0419921875
2 0.23876953125 0.76708984375 0.0244140625 0.0380859375
2 0.2353515625 0.72314453125 0.03125 0.0439453125
2 0.2353515625 0.30615234375 0.046875 0.0341796875
2 0.2333984375 0.265625 0.037109375 0.029296875
2 0.14111328125 0.6376953125 0.0244140625 0.0390625
2 0.1416015625 0.6806640625 0.025390625 0.0390625
2 0.1435546875 0.72607421875 0.03125 0.0419921875
