2 0.92138671875 0.55517578125 0.0400390625 0.0283203125
2 0.92724609375 0.728515625 0.0361328125 0.02734375
2 0.921875 0.64208984375 0.041015625 0.0283203125
2 0.87744140625 0.5546875 0.0458984375 0.033203125
2 0.99609375 0.6396484375 0.0078125 0.029296875
2 0.91845703125 0.42236328125 0.0439453125 0.0458984375
2 0.91650390625 0.349609375 0.0361328125 0.04296875
2 0.9130859375 0.2841796875 0.025390625 0.041015625
2 0.9072265625 0.0966796875 0.03125 0.046875
2 0.6357421875 0.4013671875 0.03125 0.044921875
2 0.6376953125 0.28955078125 0.03125 0.0400390625
2 0.6943359375 0.3134765625 0.03125 0.041015625
2 0.970703125 0.7255859375 0.037109375 0.029296875
2 0.99609375 0.7294921875 0.0078125 0.029296875
2 0.724609375 0.20703125 0.060546875 0.048828125
2 0.67529296875 0.26708984375 0.0478515625 0.0595703125
2 0.68212890625 0.17041015625 0.0322265625 0.0419921875
2 0.1533203125 0.82373046875 0.05078125 0.0341796875
2 0.20703125 0.578125 0.041015625 0.05078125
2 0.20703125 0.822265625 0.05078125 0.0390625
2 0.62451171875 0.69287109375 0.0478515625 0.0595703125
2 0.5322265625 0.58740234375 0.0390625 0.0380859375
2 0.62451171875 0.64453125 0.0283203125 0.0390625
2 0.62060546875 0.5986328125 0.0341796875 0.04296875
2 0.662109375 0.5966796875 0.0390625 0.0390625
2 0.6630859375 0.5517578125 0.03515625 0.04296875
2 0.619140625 0.556640625 0.033203125 0.041015625
2 0.5380859375 0.6796875 0.029296875 0.04296875
2 0.5361328125 0.63427734375 0.029296875 0.0380859375
14 0.6015625 0.81494140625 0.046875 0.0380859375
2 0.27783203125 0.81005859375 0.0771484375 0.0849609375
2 0.4462890625 0.70947265625 0.03125 0.0439453125
2 0.4453125 0.66650390625 0.03125 0.0341796875
2 0.4443359375 0.61669921875 0.029296875 0.0361328125
2 0.4443359375 0.57080078125 0.03125 0.0419921875
2 0.36279296875 0.61669921875 0.0322265625 0.0380859375
2 0.36328125 0.57177734375 0.037109375 0.0458984375
2 0.28564453125 0.30419921875 0.0615234375 0.0498046875
2 0.8388671875 0.72998046875 0.044921875 0.0322265625
2 0.96630859375 0.55419921875 0.0439453125 0.0302734375
