2 0.20458984375 0.3984375 0.0283203125 0.037109375
2 0.81640625 0.09375 0.0546875 0.0546875
2 0.7294921875 0.03515625 0.05078125 0.048828125
2 0.6884765625 0.01904296875 0.044921875 0.0361328125
1 0.33984375 0.2060546875 0.044921875 0.013671875
2 0.318359375 0.296875 0.12109375 0.125
2 0.81103515625 0.763671875 0.1103515625 0.119140625
2 0.81494140625 0.62841796875 0.1591796875 0.1728515625
2 0.81591796875 0.48291015625 0.1494140625 0.1708984375
2 0.515625 0.7255859375 0.12890625 0.119140625
2 0.04248046875 0.62744140625 0.0830078125 0.1103515625
2 0.8662109375 0.1279296875 0.056640625 0.056640625
2 0.197265625 0.47314453125 0.025390625 0.0302734375
2 0.2841796875 0.232421875 0.029296875 0.0390625
2 0.1962890625 0.587890625 0.02734375 0.0390625
2 0.2880859375 0.4716796875 0.033203125 0.04296875
2 0.291015625 0.51806640625 0.02734375 0.0380859375
2 0.28955078125 0.55810546875 0.0322265625 0.0380859375
2 0.2900390625 0.60595703125 0.03125 0.0400390625
2 0.29150390625 0.65087890625 0.0302734375 0.0419921875
2 0.30908203125 0.83154296875 0.0517578125 0.0556640625
2 0.22900390625 0.90966796875 0.0615234375 0.0634765625
2 0.39306640625 0.6064453125 0.0283203125 0.037109375
2 0.39111328125 0.52294921875 0.0302734375 0.0400390625
2 0.39111328125 0.48583984375 0.0283203125 0.0322265625
2 0.38818359375 0.65185546875 0.0283203125 0.0419921875
2 0.19287109375 0.6318359375 0.0283203125 0.0390625
2 0.197265625 0.509765625 0.029296875 0.041015625
2 0.20068359375 0.43798828125 0.0322265625 0.0400390625
2 0.39453125 0.4072265625 0.029296875 0.0390625
2 0.2880859375 0.3603515625 0.046875 0.046875
