0 0.67333984375 0.783203125 0.0185546875 0.01171875
2 0.10791015625 0.0634765625 0.1259765625 0.125
2 0.19384765625 0.65087890625 0.1162109375 0.1162109375
2 0.1552734375 0.65771484375 0.048828125 0.0576171875
2 0.15234375 0.60498046875 0.0703125 0.0751953125
2 0.115234375 0.599609375 0.0546875 0.060546875
2 0.150390625 0.556640625 0.0625 0.0625
2 0.14990234375 0.466796875 0.0576171875 0.05078125
2 0.14697265625 0.27490234375 0.0302734375 0.0380859375
2 0.1513671875 0.1484375 0.02734375 0.0390625
2 0.0419921875 0.07080078125 0.07421875 0.0791015625
0 0.6728515625 0.77392578125 0.01953125 0.0087890625
2 0.3974609375 0.064453125 0.138671875 0.126953125
2 0.21875 0.7041015625 0.08984375 0.095703125
2 0.52783203125 0.36279296875 0.0830078125 0.0849609375
2 0.5595703125 0.0830078125 0.044921875 0.05859375
0 0.43017578125 0.34228515625 0.0205078125 0.0126953125
1 0.41748046875 0.10791015625 0.0341796875 0.0146484375
0 0.3310546875 0.205078125 0.01171875 0.0234375
1 0.00390625 0.04541015625 0.005859375 0.0283203125
2 0.80859375 0.36767578125 0.0546875 0.0595703125
2 0.6962890625 0.66162109375 0.02734375 0.0380859375
2 0.47021484375 0.60986328125 0.0556640625 0.0673828125
2 0.14892578125 0.234375 0.0263671875 0.0390625
2 0.150390625 0.18994140625 0.029296875 0.0380859375
2 0.72314453125 0.615234375 0.0751953125 0.078125
2 0.69384765625 0.61376953125 0.0361328125 0.0478515625
2 0.7353515625 0.4248046875 0.060546875 0.064453125
2 0.76416015625 0.3603515625 0.0595703125 0.060546875
2 0.71630859375 0.3515625 0.0439453125 0.0546875
2 0.49560546875 0.068359375 0.2197265625 0.134765625
