2 0.76513671875 0.740234375 0.0634765625 0.05078125
2 0.7744140625 0.5517578125 0.03515625 0.037109375
2 0.82861328125 0.61328125 0.0478515625 0.041015625
2 0.880859375 0.61279296875 0.041015625 0.0322265625
2 0.93017578125 0.61279296875 0.0556640625 0.0498046875
2 0.95068359375 0.76171875 0.0478515625 0.046875
2 0.939453125 0.8056640625 0.04296875 0.046875
2 0.78759765625 0.60205078125 0.0419921875 0.0458984375
2 0.7685546875 0.4599609375 0.033203125 0.0390625
2 0.37109375 0.94287109375 0.0390625 0.0283203125
2 0.76318359375 0.42041015625 0.0263671875 0.0361328125
2 0.0224609375 0.26416015625 0.04296875 0.0419921875
2 0.07958984375 0.244140625 0.0478515625 0.044921875
2 0.26123046875 0.228515625 0.0400390625 0.041015625
2 0.0341796875 0.353515625 0.044921875 0.037109375
2 0.15087890625 0.3193359375 0.0400390625 0.025390625
2 0.20751953125 0.31298828125 0.0419921875 0.0283203125
2 0.318359375 0.31640625 0.037109375 0.03125
2 0.4287109375 0.31298828125 0.04296875 0.0302734375
2 0.482421875 0.31396484375 0.041015625 0.0283203125
2 0.537109375 0.3125 0.04296875 0.03125
2 0.59326171875 0.31201171875 0.0419921875 0.0302734375
2 0.76123046875 0.376953125 0.0322265625 0.041015625
2 0.24072265625 0.78759765625 0.0380859375 0.0263671875
2 0.22998046875 0.912109375 0.0322265625 0.0390625
2 0.2763671875 0.94873046875 0.0390625 0.0263671875
2 0.45654296875 0.9482421875 0.0400390625 0.029296875
2 0.52587890625 0.9443359375 0.0419921875 0.03125
2 0.361328125 0.654296875 0.03515625 0.0234375
2 0.50048828125 0.65185546875 0.0400390625 0.0244140625
2 0.5927734375 0.22314453125 0.033203125 0.0283203125
2 0.53759765625 0.2236328125 0.0380859375 0.02734375
2 0.4814453125 0.2236328125 0.041015625 0.029296875
2 0.271484375 0.876953125 0.04296875 0.029296875
2 0.32275390625 0.94677734375 0.0439453125 0.0341796875
2 0.08447265625 0.83154296875 0.0869140625 0.0771484375
2 0.0458984375 0.837890625 0.052734375 0.05078125
2 0.0205078125 0.82470703125 0.0390625 0.0380859375
