2 0.02392578125 0.4736328125 0.0478515625 0.041015625
2 0.076171875 0.47314453125 0.041015625 0.0322265625
2 0.12548828125 0.47314453125 0.0556640625 0.0498046875
2 0.14599609375 0.6220703125 0.0478515625 0.046875
2 0.134765625 0.666015625 0.04296875 0.046875
2 0.63427734375 0.068359375 0.0615234375 0.05859375
2 0.578125 0.1279296875 0.044921875 0.044921875
2 0.58251953125 0.15869140625 0.0458984375 0.0498046875
2 0.6142578125 0.1455078125 0.044921875 0.046875
2 0.6025390625 0.189453125 0.046875 0.048828125
2 0.6728515625 0.2646484375 0.056640625 0.0546875
2 0.66552734375 0.32666015625 0.0458984375 0.0517578125
2 0.62939453125 0.375 0.0439453125 0.048828125
2 0.57080078125 0.4580078125 0.0517578125 0.048828125
2 0.49365234375 0.50537109375 0.0498046875 0.0478515625
2 0.75048828125 0.48828125 0.0791015625 0.080078125
2 0.833984375 0.4873046875 0.078125 0.06640625
2 0.9091796875 0.47802734375 0.068359375 0.0732421875
2 0.7509765625 0.14208984375 0.072265625 0.0732421875
2 0.4951171875 0.60302734375 0.056640625 0.0537109375
2 0.79541015625 0.18212890625 0.0576171875 0.0556640625
2 0.74658203125 0.18212890625 0.0595703125 0.0576171875
