8 0.08349609375 0.779296875 0.0615234375 0.087890625
8 0.24169921875 0.7265625 0.0615234375 0.087890625
8 0.14794921875 0.75927734375 0.0634765625 0.0869140625
8 0.103515625 0.6181640625 0.060546875 0.087890625
8 0.1943359375 0.58251953125 0.0625 0.0908203125
8 0.25634765625 0.5625 0.0634765625 0.08984375
8 0.40576171875 0.48779296875 0.0634765625 0.0888671875
8 0.345703125 0.50634765625 0.0625 0.0888671875
8 0.3515625 0.28076171875 0.064453125 0.0908203125
8 0.29638671875 0.31640625 0.0634765625 0.08984375
8 0.24658203125 0.3662109375 0.0634765625 0.08984375
