2 0.16259765625 0.08935546875 0.0185546875 0.0146484375
2 0.185546875 0.09228515625 0.017578125 0.0146484375
2 0.20751953125 0.0947265625 0.0146484375 0.01171875
2 0.22021484375 0.08251953125 0.0205078125 0.0146484375
2 0.24267578125 0.08642578125 0.0185546875 0.0126953125
2 0.1064453125 0.6455078125 0.029296875 0.021484375
2 0.1142578125 0.6982421875 0.01953125 0.015625
2 0.09912109375 0.74609375 0.0205078125 0.015625
2 0.02490234375 0.96533203125 0.0478515625 0.0595703125
2 0.17529296875 0.07861328125 0.0205078125 0.0166015625
2 0.15380859375 0.076171875 0.0185546875 0.015625
2 0.14111328125 0.08642578125 0.0185546875 0.0146484375
2 0.08642578125 0.69384765625 0.0224609375 0.0185546875
2 0.1318359375 0.07421875 0.01953125 0.017578125
2 0.10205078125 0.02099609375 0.0205078125 0.0166015625
2 0.11474609375 0.01025390625 0.0205078125 0.0146484375
2 0.13671875 0.01220703125 0.021484375 0.0166015625
2 0.1611328125 0.0146484375 0.01953125 0.015625
2 0.14697265625 0.02490234375 0.0185546875 0.0146484375
2 0.17041015625 0.0283203125 0.0205078125 0.013671875
