2 0.8486328125 0.68212890625 0.01953125 0.0166015625
2 0.8359375 0.671875 0.01953125 0.017578125
2 0.81591796875 0.67578125 0.0205078125 0.0234375
2 0.8408203125 0.6513671875 0.013671875 0.01953125
2 0.82275390625 0.65234375 0.0146484375 0.021484375
2 0.798828125 0.66748046875 0.0234375 0.0263671875
2 0.78369140625 0.65869140625 0.0244140625 0.0244140625
2 0.8173828125 0.6328125 0.0234375 0.03125
2 0.7978515625 0.64208984375 0.029296875 0.0322265625
2 0.732421875 0.98681640625 0.033203125 0.0263671875
2 0.7294921875 0.99560546875 0.01953125 0.0087890625
