4 0.21875 0.529296875 0.02734375 0.04296875
4 0.17529296875 0.361328125 0.0517578125 0.08203125
4 0.22265625 0.33984375 0.048828125 0.078125
4 0.34423828125 0.2919921875 0.0458984375 0.07421875
4 0.3916015625 0.27685546875 0.0546875 0.0849609375
4 0.4052734375 0.2314453125 0.060546875 0.099609375
4 0.3427734375 0.0322265625 0.05078125 0.0625
4 0.2626953125 0.05859375 0.05078125 0.076171875
4 0.2158203125 0.08642578125 0.05859375 0.0888671875
4 0.16552734375 0.09912109375 0.0517578125 0.0751953125
4 0.119140625 0.119140625 0.0546875 0.083984375
4 0.09423828125 0.1328125 0.0478515625 0.078125
4 0.06640625 0.1328125 0.044921875 0.0703125
4 0.0087890625 0.14892578125 0.015625 0.0458984375
4 0.0439453125 0.064453125 0.05078125 0.060546875
4 0.091796875 0.04296875 0.0390625 0.05859375
4 0.1669921875 0.02490234375 0.041015625 0.0478515625
4 0.25732421875 0.00927734375 0.0263671875 0.0166015625
4 0.53564453125 0.02734375 0.0576171875 0.052734375
5 0.34423828125 0.62353515625 0.5126953125 0.3154296875
5 0.22802734375 0.31201171875 0.4541015625 0.3349609375
4 0.1982421875 0.3447265625 0.04296875 0.0703125
4 0.1484375 0.36767578125 0.048828125 0.0830078125
4 0.2119140625 0.57470703125 0.0234375 0.0322265625
4 0.12548828125 0.37890625 0.0478515625 0.078125
4 0.2216796875 0.56787109375 0.02734375 0.0400390625
4 0.2353515625 0.56005859375 0.03125 0.0458984375
4 0.25146484375 0.55078125 0.0302734375 0.046875
4 0.2666015625 0.544921875 0.029296875 0.046875
4 0.3837890625 0.5 0.037109375 0.0546875
4 0.3447265625 0.2041015625 0.04296875 0.0625
4 0.3232421875 0.21484375 0.04296875 0.0625
4 0.3046875 0.22900390625 0.037109375 0.0517578125
4 0.28369140625 0.22802734375 0.0283203125 0.0361328125
4 0.2431640625 0.2490234375 0.037109375 0.052734375
4 0.2197265625 0.26025390625 0.041015625 0.0537109375
4 0.18115234375 0.2734375 0.0400390625 0.052734375
4 0.15625 0.27734375 0.044921875 0.06640625
4 0.1376953125 0.2919921875 0.03125 0.048828125
4 0.119140625 0.298828125 0.0390625 0.056640625
4 0.05615234375 0.32080078125 0.0419921875 0.0615234375
4 0.03564453125 0.328125 0.0400390625 0.0625
4 0.017578125 0.341796875 0.033203125 0.048828125
4 0.05615234375 0.39990234375 0.0439453125 0.0634765625
4 0.10107421875 0.39013671875 0.0458984375 0.0810546875
5 0.1884765625 0.10986328125 0.375 0.2177734375
