4 0.548828125 0.1083984375 0.037109375 0.017578125
4 0.54638671875 0.10205078125 0.0380859375 0.0185546875
4 0.544921875 0.0947265625 0.0390625 0.017578125
4 0.55126953125 0.07958984375 0.0361328125 0.0263671875
4 0.4443359375 0.11328125 0.033203125 0.0390625
4 0.24658203125 0.23095703125 0.0380859375 0.0244140625
4 0.27783203125 0.23095703125 0.0166015625 0.0400390625
4 0.09765625 0.28173828125 0.037109375 0.0224609375
4 0.09375 0.2744140625 0.03515625 0.021484375
4 0.232421875 0.14697265625 0.046875 0.0205078125
4 0.3828125 0.08203125 0.041015625 0.0234375
