4 0.5185546875 0.37158203125 0.029296875 0.0341796875
4 0.52294921875 0.3662109375 0.0283203125 0.037109375
4 0.52734375 0.3583984375 0.03125 0.037109375
4 0.5322265625 0.35302734375 0.029296875 0.0380859375
4 0.513671875 0.376953125 0.029296875 0.033203125
4 0.53662109375 0.349609375 0.0302734375 0.037109375
4 0.54150390625 0.34521484375 0.0302734375 0.0361328125
4 0.5107421875 0.33642578125 0.03515625 0.0263671875
4 0.240234375 0.33251953125 0.037109375 0.0263671875
4 0.2880859375 0.2724609375 0.03515625 0.025390625
4 0.57275390625 0.31689453125 0.0126953125 0.0439453125
4 0.5908203125 0.2978515625 0.009765625 0.04296875
