3 0.08251953125 0.263671875 0.0126953125 0.013671875
3 0.08056640625 0.25 0.0146484375 0.013671875
3 0.06689453125 0.26708984375 0.0107421875 0.0126953125
3 0.0654296875 0.25244140625 0.01171875 0.0126953125
3 0.0849609375 0.2861328125 0.021484375 0.021484375
3 0.1083984375 0.28173828125 0.01953125 0.0283203125
3 0.080078125 0.3388671875 0.021484375 0.0234375
3 0.0791015625 0.3115234375 0.029296875 0.02734375
4 0.333984375 0.2119140625 0.0625 0.201171875
13 0.421875 0.78076171875 0.37109375 0.1357421875
