0 0.33544921875 0.01416015625 0.0205078125 0.0166015625
0 0.48583984375 0.74755859375 0.0185546875 0.0205078125
7 0.67626953125 0.86083984375 0.2939453125 0.2783203125
7 0.697265625 0.494140625 0.26171875 0.412109375
0 0.49755859375 0.2060546875 0.0205078125 0.01953125
0 0.50390625 0.19677734375 0.021484375 0.0205078125
0 0.5185546875 0.794921875 0.017578125 0.01953125
0 0.15625 0.06787109375 0.01953125 0.0146484375
0 0.44677734375 0.65234375 0.0185546875 0.01953125
0 0.3447265625 0.65234375 0.01953125 0.017578125
0 0.3544921875 0.63720703125 0.015625 0.0146484375
0 0.36767578125 0.62255859375 0.0185546875 0.0166015625
0 0.39404296875 0.61181640625 0.0185546875 0.0185546875
0 0.400390625 0.61865234375 0.015625 0.0166015625
0 0.2841796875 0.7255859375 0.017578125 0.017578125
0 0.30029296875 0.70458984375 0.0166015625 0.0146484375
0 0.0673828125 0.11962890625 0.017578125 0.0166015625
0 0.115234375 0.09033203125 0.01953125 0.0146484375
0 0.13525390625 0.07861328125 0.0166015625 0.0146484375
