8 0.2333984375 0.45458984375 0.056640625 0.1005859375
8 0.5615234375 0.67236328125 0.05859375 0.1025390625
8 0.490234375 0.6806640625 0.056640625 0.09765625
8 0.3935546875 0.609375 0.0546875 0.1015625
8 0.326171875 0.61767578125 0.0546875 0.1005859375
8 0.2578125 0.62451171875 0.0546875 0.1025390625
8 0.29541015625 0.22216796875 0.0576171875 0.1005859375
8 0.30322265625 0.4462890625 0.0556640625 0.1015625
8 0.14013671875 0.4638671875 0.0576171875 0.099609375
8 0.0693359375 0.4716796875 0.05859375 0.103515625
8 0.09326171875 0.03466796875 0.0517578125 0.0673828125
8 0.1875 0.029296875 0.052734375 0.056640625
8 0.2578125 0.02685546875 0.052734375 0.0517578125
8 0.90673828125 0.31689453125 0.0966796875 0.1025390625
8 0.95947265625 0.2685546875 0.0810546875 0.095703125
9 0.45703125 0.21142578125 0.04296875 0.0830078125
8 0.95703125 0.462890625 0.0859375 0.103515625
