4 0.82080078125 0.171875 0.0537109375 0.03125
5 0.93603515625 0.470703125 0.1279296875 0.189453125
4 0.7578125 0.46728515625 0.048828125 0.0380859375
4 0.7607421875 0.4462890625 0.037109375 0.02734375
4 0.70751953125 0.4306640625 0.0537109375 0.041015625
4 0.77587890625 0.421875 0.0439453125 0.02734375
4 0.78076171875 0.40625 0.0439453125 0.029296875
4 0.73291015625 0.384765625 0.0322265625 0.025390625
4 0.74609375 0.361328125 0.033203125 0.021484375
4 0.748046875 0.345703125 0.0390625 0.021484375
4 0.7509765625 0.3291015625 0.04296875 0.029296875
4 0.806640625 0.35693359375 0.046875 0.0302734375
4 0.810546875 0.33935546875 0.04296875 0.0283203125
4 0.7646484375 0.30224609375 0.0390625 0.0283203125
4 0.76953125 0.29248046875 0.0390625 0.0244140625
4 0.82373046875 0.31201171875 0.0400390625 0.0244140625
4 0.775390625 0.27978515625 0.041015625 0.0283203125
4 0.8349609375 0.2978515625 0.0546875 0.033203125
4 0.78271484375 0.2646484375 0.0380859375 0.02734375
4 0.84228515625 0.2802734375 0.0478515625 0.033203125
4 0.78759765625 0.2490234375 0.0400390625 0.02734375
4 0.79052734375 0.23388671875 0.0517578125 0.0341796875
4 0.796875 0.2177734375 0.048828125 0.033203125
4 0.8642578125 0.2353515625 0.052734375 0.033203125
4 0.875 0.2138671875 0.056640625 0.03515625
4 0.87841796875 0.1923828125 0.0517578125 0.029296875
4 0.8857421875 0.1748046875 0.046875 0.029296875
4 0.90966796875 0.56787109375 0.0458984375 0.0380859375
4 0.001953125 0.10107421875 0.001953125 0.0419921875
4 0.27392578125 0.53125 0.0146484375 0.02734375
4 0.2490234375 0.544921875 0.0234375 0.033203125
4 0.85986328125 0.53515625 0.0439453125 0.037109375
4 0.9150390625 0.5517578125 0.037109375 0.03125
4 0.99365234375 0.3154296875 0.0126953125 0.0234375
4 0.8837890625 0.51025390625 0.037109375 0.0302734375
4 0.89990234375 0.4912109375 0.0322265625 0.025390625
4 0.908203125 0.48095703125 0.03125 0.0263671875
4 0.91650390625 0.47021484375 0.0322265625 0.0263671875
4 0.92236328125 0.4560546875 0.0400390625 0.03125
4 0.93212890625 0.44384765625 0.0361328125 0.0302734375
4 0.96826171875 0.47998046875 0.0400390625 0.0322265625
4 0.9794921875 0.46826171875 0.041015625 0.0322265625
4 0.9833984375 0.4541015625 0.033203125 0.03515625
4 0.9482421875 0.4150390625 0.046875 0.03515625
4 0.9755859375 0.36572265625 0.048828125 0.0439453125
4 0.90185546875 0.154296875 0.0654296875 0.044921875
4 0.82958984375 0.15185546875 0.0439453125 0.0341796875
4 0.845703125 0.123046875 0.041015625 0.029296875
4 0.66748046875 0.0830078125 0.0478515625 0.02734375
4 0.59765625 0.12060546875 0.044921875 0.0224609375
4 0.6064453125 0.10595703125 0.033203125 0.0224609375
4 0.60546875 0.0908203125 0.04296875 0.0234375
4 0.60498046875 0.07177734375 0.0517578125 0.0283203125
4 0.79736328125 0.01953125 0.0361328125 0.037109375
4 0.6767578125 0.0615234375 0.056640625 0.033203125
4 0.61474609375 0.05712890625 0.0400390625 0.0224609375
4 0.60791015625 0.037109375 0.0634765625 0.02734375
4 0.619140625 0.0205078125 0.048828125 0.025390625
4 0.615234375 0.00830078125 0.0625 0.0146484375
4 0.69189453125 0.009765625 0.0576171875 0.017578125
5 0.61376953125 0.181640625 0.1005859375 0.361328125
5 0.81884765625 0.25732421875 0.1982421875 0.4169921875
4 0.50244140625 0.31201171875 0.0595703125 0.0478515625
4 0.45849609375 0.2861328125 0.0458984375 0.0390625
4 0.3994140625 0.0361328125 0.05859375 0.025390625
4 0.4052734375 0.01611328125 0.064453125 0.0224609375
4 0.40087890625 0.0048828125 0.0576171875 0.0078125
4 0.666015625 0.1015625 0.052734375 0.03125
4 0.658203125 0.1181640625 0.048828125 0.02734375
4 0.65478515625 0.134765625 0.0458984375 0.02734375
4 0.56103515625 0.28857421875 0.0361328125 0.0224609375
4 0.9150390625 0.11669921875 0.060546875 0.0400390625
4 0.92138671875 0.09619140625 0.0498046875 0.0322265625
4 0.84716796875 0.103515625 0.0498046875 0.03125
4 0.94091796875 0.08154296875 0.0712890625 0.0458984375
4 0.85546875 0.08447265625 0.0546875 0.0361328125
4 0.908203125 0.0458984375 0.033203125 0.01953125
4 0.59912109375 0.36669921875 0.0439453125 0.0283203125
4 0.6005859375 0.34521484375 0.03515625 0.0224609375
4 0.60498046875 0.33203125 0.0380859375 0.0234375
4 0.609375 0.31787109375 0.041015625 0.0224609375
4 0.611328125 0.30322265625 0.037109375 0.0224609375
4 0.6162109375 0.2890625 0.04296875 0.02734375
4 0.564453125 0.2783203125 0.037109375 0.01953125
4 0.6513671875 0.15185546875 0.046875 0.0283203125
4 0.56787109375 0.2666015625 0.0361328125 0.01953125
4 0.5693359375 0.2529296875 0.037109375 0.01953125
4 0.62841796875 0.25830078125 0.0517578125 0.0283203125
4 0.5712890625 0.23779296875 0.041015625 0.0224609375
4 0.5732421875 0.22314453125 0.04296875 0.0205078125
4 0.63720703125 0.22265625 0.0498046875 0.03515625
4 0.58251953125 0.19580078125 0.0400390625 0.0244140625
4 0.58447265625 0.1796875 0.0439453125 0.0234375
4 0.5869140625 0.16455078125 0.04296875 0.0244140625
4 0.591796875 0.1494140625 0.04296875 0.025390625
4 0.64501953125 0.1875 0.0537109375 0.03125
4 0.64794921875 0.17041015625 0.0478515625 0.0283203125
