0 0.0927734375 0.79736328125 0.041015625 0.0341796875
0 0.33984375 0.83203125 0.037109375 0.017578125
0 0.05322265625 0.86328125 0.0400390625 0.01953125
0 0.3662109375 0.755859375 0.021484375 0.041015625
0 0.5146484375 0.67529296875 0.033203125 0.0458984375
0 0.5546875 0.6611328125 0.02734375 0.037109375
0 0.5693359375 0.64404296875 0.03515625 0.0439453125
1 0.49853515625 0.68212890625 0.0361328125 0.0517578125
1 0.24560546875 0.8427734375 0.0400390625 0.01953125
1 0.95947265625 0.45458984375 0.0400390625 0.0478515625
0 0.4482421875 0.4775390625 0.03515625 0.04296875
0 0.46923828125 0.46728515625 0.0341796875 0.0419921875
0 0.48779296875 0.56982421875 0.0283203125 0.0341796875
0 0.9775390625 0.3349609375 0.033203125 0.03515625
0 0.8515625 0.57080078125 0.041015625 0.0302734375
0 0.8115234375 0.5966796875 0.037109375 0.033203125
0 0.77392578125 0.619140625 0.0400390625 0.033203125
0 0.73388671875 0.642578125 0.0361328125 0.037109375
0 0.80517578125 0.048828125 0.0302734375 0.03515625
0 0.82470703125 0.091796875 0.0322265625 0.04296875
