0 0.19921875 0.376953125 0.01953125 0.037109375
0 0.54833984375 0.2763671875 0.0224609375 0.03515625
0 0.3623046875 0.23779296875 0.02734375 0.0419921875
0 0.38232421875 0.23046875 0.0263671875 0.041015625
0 0.41943359375 0.22119140625 0.0263671875 0.0419921875
0 0.47314453125 0.20166015625 0.0224609375 0.0400390625
0 0.4921875 0.197265625 0.0234375 0.03515625
0 0.509765625 0.19287109375 0.025390625 0.0419921875
0 0.52978515625 0.18505859375 0.0224609375 0.0341796875
0 0.5458984375 0.1796875 0.0234375 0.03515625
0 0.56494140625 0.17822265625 0.0244140625 0.0419921875
0 0.58203125 0.17041015625 0.025390625 0.0322265625
0 0.65185546875 0.24609375 0.0244140625 0.03515625
0 0.6708984375 0.24267578125 0.021484375 0.0341796875
0 0.5302734375 0.2802734375 0.0234375 0.03515625
0 0.5810546875 0.26806640625 0.021484375 0.0341796875
0 0.1796875 0.384765625 0.021484375 0.03515625
0 0.6171875 0.2578125 0.025390625 0.03515625
0 0.6875 0.236328125 0.0234375 0.03515625
0 0.7392578125 0.22216796875 0.025390625 0.0361328125
0 0.47705078125 0.2978515625 0.0244140625 0.037109375
0 0.49658203125 0.29052734375 0.0244140625 0.0361328125
0 0.486328125 0.37646484375 0.033203125 0.0224609375
0 0.4931640625 0.39453125 0.037109375 0.0234375
0 0.37890625 0.32421875 0.033203125 0.0234375
0 0.38427734375 0.3447265625 0.0400390625 0.02734375
0 0.40966796875 0.4189453125 0.0361328125 0.0234375
0 0.505859375 0.43115234375 0.033203125 0.0224609375
0 0.5068359375 0.44921875 0.03515625 0.0234375
0 0.5166015625 0.47021484375 0.037109375 0.0283203125
0 0.599609375 0.166015625 0.025390625 0.03515625
0 0.6171875 0.15966796875 0.02734375 0.0400390625
0 0.654296875 0.1513671875 0.025390625 0.041015625
0 0.6708984375 0.14208984375 0.0234375 0.0361328125
1 0.720703125 0.224609375 0.02734375 0.037109375
4 0.44873046875 0.5693359375 0.0439453125 0.029296875
0 0.81884765625 0.1484375 0.0322265625 0.03515625
0 0.7275390625 0.130859375 0.025390625 0.037109375
0 0.6904296875 0.140625 0.02734375 0.0390625
0 0.41943359375 0.453125 0.0361328125 0.0234375
0 0.42529296875 0.4931640625 0.0380859375 0.0234375
0 0.43408203125 0.51318359375 0.0400390625 0.0263671875
0 0.16064453125 0.39013671875 0.0185546875 0.0322265625
0 0.4638671875 0.60302734375 0.037109375 0.0244140625
0 0.466796875 0.62255859375 0.037109375 0.0244140625
0 0.46728515625 0.6416015625 0.0380859375 0.025390625
0 0.48583984375 0.69921875 0.0361328125 0.0234375
0 0.4951171875 0.7392578125 0.037109375 0.025390625
0 0.5703125 0.89453125 0.037109375 0.0234375
0 0.58349609375 0.9111328125 0.0380859375 0.02734375
0 0.59423828125 0.9658203125 0.0302734375 0.021484375
0 0.546875 0.57861328125 0.033203125 0.0244140625
0 0.55419921875 0.59765625 0.0361328125 0.02734375
0 0.55712890625 0.61767578125 0.0380859375 0.0263671875
0 0.5625 0.63330078125 0.033203125 0.0263671875
0 0.56787109375 0.654296875 0.0400390625 0.025390625
0 0.57470703125 0.67333984375 0.0380859375 0.0244140625
