1 0.18603515625 0.11328125 0.0341796875 0.04296875
0 0.763671875 0.365234375 0.021484375 0.0390625
0 0.24267578125 0.0869140625 0.0224609375 0.03515625
0 0.20654296875 0.09716796875 0.0302734375 0.0400390625
0 0.44091796875 0.07080078125 0.0400390625 0.0263671875
0 0.4013671875 0.0869140625 0.03515625 0.021484375
0 0.1123046875 0.20458984375 0.041015625 0.0263671875
0 0.04833984375 0.1591796875 0.0302734375 0.044921875
0 0.087890625 0.14599609375 0.029296875 0.0419921875
0 0.10302734375 0.13720703125 0.0263671875 0.0361328125
0 0.12109375 0.1328125 0.02734375 0.041015625
0 0.14111328125 0.125 0.0263671875 0.0390625
0 0.1572265625 0.11865234375 0.0234375 0.0341796875
0 0.06640625 0.154296875 0.02734375 0.0390625
0 0.70947265625 0.1845703125 0.0283203125 0.0390625
0 0.25830078125 0.07568359375 0.0244140625 0.0380859375
0 0.275390625 0.0673828125 0.029296875 0.0390625
0 0.75341796875 0.97119140625 0.0205078125 0.0400390625
0 0.8603515625 0.869140625 0.04296875 0.01953125
