0 0.25146484375 0.74072265625 0.0263671875 0.0400390625
0 0.27294921875 0.73046875 0.0341796875 0.046875
0 0.29248046875 0.7216796875 0.0283203125 0.041015625
0 0.3359375 0.70458984375 0.03125 0.0419921875
0 0.30078125 0.65087890625 0.03125 0.0419921875
0 0.2177734375 0.7509765625 0.03125 0.044921875
0 0.1337890625 0.78125 0.029296875 0.04296875
0 0.109375 0.7880859375 0.03125 0.04296875
0 0.08544921875 0.80322265625 0.0263671875 0.0380859375
0 0.052734375 0.814453125 0.033203125 0.04296875
0 0.02734375 0.8251953125 0.029296875 0.04296875
0 0.0107421875 0.82763671875 0.01953125 0.0400390625
