2 0.7412109375 0.849609375 0.08984375 0.08984375
3 0.1669921875 0.23046875 0.03125 0.037109375
3 0.1181640625 0.26123046875 0.03515625 0.0361328125
3 0.1572265625 0.27001953125 0.03125 0.0341796875
3 0.1826171875 0.2890625 0.015625 0.015625
2 0.5224609375 0.5380859375 0.087890625 0.087890625
2 0.48388671875 0.68115234375 0.0888671875 0.0927734375
2 0.4560546875 0.80126953125 0.10546875 0.0947265625
13 0.955078125 0.39697265625 0.0859375 0.1005859375
3 0.1279296875 0.220703125 0.03515625 0.03515625
