0 0.60302734375 0.689453125 0.0283203125 0.046875
0 0.5888671875 0.6455078125 0.025390625 0.04296875
0 0.57666015625 0.59521484375 0.0244140625 0.0400390625
0 0.54345703125 0.47607421875 0.0224609375 0.0419921875
0 0.35302734375 0.3798828125 0.0439453125 0.02734375
0 0.27197265625 0.39697265625 0.0361328125 0.0244140625
0 0.318359375 0.06298828125 0.041015625 0.0185546875
0 0.26904296875 0.07080078125 0.0361328125 0.0185546875
0 0.23046875 0.07470703125 0.03515625 0.0166015625
0 0.091796875 0.08984375 0.041015625 0.01953125
0 0.59912109375 0.00439453125 0.0361328125 0.0068359375
