0 0.6318359375 0.27490234375 0.04296875 0.0263671875
1 0.11181640625 0.49658203125 0.0751953125 0.0849609375
1 0.4384765625 0.3212890625 0.052734375 0.078125
1 0.388671875 0.30810546875 0.056640625 0.0966796875
1 0.3505859375 0.29443359375 0.060546875 0.0947265625
1 0.31005859375 0.27197265625 0.0498046875 0.0810546875
1 0.27099609375 0.25927734375 0.0537109375 0.0966796875
1 0.2333984375 0.25732421875 0.0390625 0.0751953125
1 0.19677734375 0.2373046875 0.0419921875 0.09375
1 0.15380859375 0.21875 0.0498046875 0.0859375
1 0.12060546875 0.22021484375 0.0478515625 0.1064453125
1 0.0888671875 0.212890625 0.04296875 0.09375
1 0.0556640625 0.20556640625 0.04296875 0.0927734375
1 0.00732421875 0.2060546875 0.0126953125 0.091796875
1 0.06982421875 0.568359375 0.0869140625 0.087890625
1 0.1044921875 0.55322265625 0.08984375 0.1025390625
1 0.4794921875 0.34130859375 0.05078125 0.0732421875
1 0.51611328125 0.3642578125 0.0517578125 0.083984375
1 0.60009765625 0.392578125 0.0517578125 0.095703125
1 0.671875 0.6650390625 0.0859375 0.02734375
1 0.68701171875 0.70849609375 0.1064453125 0.0302734375
1 0.765625 0.65869140625 0.072265625 0.0244140625
1 0.6455078125 0.3974609375 0.046875 0.09375
1 0.73974609375 0.62939453125 0.0947265625 0.0302734375
1 0.74365234375 0.59912109375 0.1044921875 0.0263671875
1 0.72705078125 0.56982421875 0.1025390625 0.0244140625
1 0.740234375 0.54296875 0.109375 0.025390625
1 0.74169921875 0.51611328125 0.1064453125 0.0283203125
1 0.7353515625 0.48486328125 0.103515625 0.0283203125
1 0.7451171875 0.43994140625 0.111328125 0.0302734375
1 0.17626953125 0.57568359375 0.0908203125 0.0947265625
1 0.1298828125 0.47021484375 0.078125 0.0888671875
0 0.884765625 0.3779296875 0.048828125 0.033203125
1 0.20361328125 0.56103515625 0.0927734375 0.0947265625
1 0.1337890625 0.703125 0.048828125 0.05859375
1 0.17626953125 0.70361328125 0.0615234375 0.0693359375
1 0.2138671875 0.71484375 0.046875 0.0546875
1 0.306640625 0.70654296875 0.044921875 0.0576171875
1 0.34130859375 0.70361328125 0.0537109375 0.0654296875
1 0.416015625 0.7109375 0.060546875 0.0703125
1 0.44970703125 0.71142578125 0.0517578125 0.0576171875
0 0.888671875 0.13134765625 0.037109375 0.0400390625
0 0.85498046875 0.18017578125 0.0478515625 0.0283203125
0 0.67236328125 0.20166015625 0.0380859375 0.0302734375
0 0.92041015625 0.30810546875 0.0498046875 0.0341796875
1 0.3642578125 0.46044921875 0.08984375 0.0947265625
1 0.23974609375 0.5546875 0.0908203125 0.09375
1 0.28466796875 0.55615234375 0.0888671875 0.0947265625
1 0.33203125 0.5634765625 0.080078125 0.083984375
1 0.3740234375 0.56396484375 0.08984375 0.1005859375
1 0.40380859375 0.5556640625 0.0869140625 0.095703125
1 0.43115234375 0.53662109375 0.0849609375 0.0947265625
1 0.4443359375 0.50048828125 0.08984375 0.0908203125
1 0.33642578125 0.47412109375 0.0791015625 0.0810546875
1 0.298828125 0.47509765625 0.083984375 0.0927734375
1 0.25634765625 0.47216796875 0.0869140625 0.0966796875
1 0.2216796875 0.478515625 0.078125 0.091796875
1 0.18310546875 0.4833984375 0.0693359375 0.080078125
1 0.29736328125 0.064453125 0.1357421875 0.07421875
1 0.53759765625 0.708984375 0.1025390625 0.02734375
1 0.55712890625 0.37255859375 0.0537109375 0.0791015625
