1 0.9267578125 0.298828125 0.095703125 0.03515625
0 0.791015625 0.3193359375 0.033203125 0.015625
0 0.318359375 0.86767578125 0.041015625 0.0185546875
0 0.26904296875 0.87548828125 0.0361328125 0.0185546875
0 0.23046875 0.87939453125 0.03515625 0.0166015625
0 0.091796875 0.89453125 0.041015625 0.01953125
0 0.5986328125 0.802734375 0.037109375 0.01953125
0 0.64208984375 0.7978515625 0.0400390625 0.021484375
0 0.6953125 0.79150390625 0.041015625 0.0224609375
0 0.74169921875 0.78662109375 0.0341796875 0.0185546875
0 0.818359375 0.7763671875 0.04296875 0.021484375
0 0.66845703125 0.3369140625 0.0361328125 0.021484375
0 0.359375 0.3232421875 0.033203125 0.021484375
0 0.28125 0.28515625 0.037109375 0.021484375
0 0.232421875 0.2919921875 0.0390625 0.021484375
0 0.18359375 0.29736328125 0.037109375 0.0185546875
0 0.1357421875 0.30419921875 0.03515625 0.0166015625
0 0.09033203125 0.310546875 0.0400390625 0.021484375
