0 0.9296875 0.07666015625 0.037109375 0.0185546875
0 0.42822265625 0.51513671875 0.0205078125 0.0419921875
0 0.19482421875 0.224609375 0.0458984375 0.046875
0 0.1279296875 0.36376953125 0.021484375 0.0458984375
0 0.21826171875 0.3603515625 0.0263671875 0.041015625
0 0.24365234375 0.35791015625 0.0263671875 0.0400390625
0 0.265625 0.35498046875 0.0234375 0.0361328125
0 0.29052734375 0.3515625 0.0263671875 0.03515625
0 0.3125 0.3525390625 0.02734375 0.0390625
0 0.33642578125 0.35009765625 0.0244140625 0.0361328125
0 0.3564453125 0.3525390625 0.0234375 0.03515625
0 0.38623046875 0.34765625 0.0283203125 0.041015625
1 0.2978515625 0.43994140625 0.025390625 0.0927734375
0 0.37060546875 0.52392578125 0.0185546875 0.0302734375
0 0.390625 0.52587890625 0.01953125 0.0380859375
0 0.4111328125 0.52197265625 0.021484375 0.0380859375
0 0.466796875 0.505859375 0.03515625 0.03515625
0 0.18408203125 0.162109375 0.0400390625 0.021484375
0 0.49169921875 0.50341796875 0.0322265625 0.0302734375
0 0.51708984375 0.49560546875 0.0458984375 0.0361328125
0 0.541015625 0.48828125 0.041015625 0.03515625
0 0.40625 0.43994140625 0.0234375 0.0322265625
0 0.4267578125 0.44580078125 0.025390625 0.0380859375
0 0.4228515625 0.4091796875 0.021484375 0.03515625
0 0.47607421875 0.4375 0.0205078125 0.03515625
0 0.55224609375 0.408203125 0.0341796875 0.01953125
0 0.5498046875 0.37109375 0.04296875 0.025390625
0 0.43359375 0.34228515625 0.029296875 0.0400390625
0 0.4814453125 0.3388671875 0.025390625 0.037109375
0 0.50537109375 0.3349609375 0.0263671875 0.037109375
1 0.34619140625 0.2421875 0.0302734375 0.08203125
1 0.375 0.23876953125 0.03125 0.0849609375
0 0.1845703125 0.18212890625 0.041015625 0.0205078125
0 0.18017578125 0.1416015625 0.0380859375 0.01953125
0 0.931640625 0.03466796875 0.033203125 0.0205078125
1 0.24072265625 0.9716796875 0.0244140625 0.056640625
1 0.0791015625 0.9775390625 0.02734375 0.044921875
1 0.14453125 0.97509765625 0.025390625 0.0498046875
1 0.17626953125 0.974609375 0.0263671875 0.05078125
1 0.2080078125 0.9736328125 0.025390625 0.052734375
1 0.27001953125 0.970703125 0.0263671875 0.05859375
0 0.17529296875 0.12255859375 0.0322265625 0.0205078125
1 0.337890625 0.9677734375 0.029296875 0.064453125
1 0.36865234375 0.96728515625 0.0302734375 0.0654296875
1 0.4658203125 0.9638671875 0.02734375 0.072265625
1 0.49755859375 0.962890625 0.0263671875 0.07421875
1 0.53076171875 0.96142578125 0.0302734375 0.0771484375
1 0.5615234375 0.95947265625 0.02734375 0.0791015625
0 0.62744140625 0.9677734375 0.0205078125 0.0390625
1 0.72216796875 0.900390625 0.0458984375 0.0390625
1 0.716796875 0.921875 0.046875 0.0390625
1 0.720703125 0.9501953125 0.044921875 0.037109375
0 0.06640625 0.08544921875 0.029296875 0.0322265625
0 0.11962890625 0.138671875 0.0283203125 0.033203125
0 0.11181640625 0.21435546875 0.0146484375 0.0341796875
1 0.43994140625 0.232421875 0.0322265625 0.0859375
1 0.4716796875 0.23046875 0.03515625 0.0859375
1 0.50341796875 0.22314453125 0.0283203125 0.0595703125
0 0.8173828125 0.375 0.046875 0.021484375
0 0.7578125 0.8740234375 0.03515625 0.01953125
0 0.75634765625 0.89306640625 0.0322265625 0.0166015625
0 0.76123046875 0.9140625 0.0341796875 0.021484375
0 0.89111328125 0.84326171875 0.0400390625 0.0205078125
0 0.84375 0.806640625 0.044921875 0.025390625
0 0.94677734375 0.8125 0.0263671875 0.041015625
0 0.9814453125 0.7548828125 0.029296875 0.017578125
0 0.97998046875 0.73681640625 0.0302734375 0.0185546875
0 0.9775390625 0.71630859375 0.03125 0.0185546875
0 0.97802734375 0.69482421875 0.0341796875 0.0185546875
0 0.9677734375 0.634765625 0.033203125 0.01953125
0 0.96875 0.59716796875 0.03515625 0.0205078125
0 0.9658203125 0.55712890625 0.0390625 0.0205078125
0 0.94970703125 0.37353515625 0.0517578125 0.0244140625
0 0.8173828125 0.39501953125 0.046875 0.0205078125
1 0.53759765625 0.2255859375 0.0341796875 0.080078125
0 0.81787109375 0.43896484375 0.0322265625 0.0185546875
0 0.82470703125 0.49560546875 0.0517578125 0.0283203125
0 0.875 0.51123046875 0.044921875 0.0205078125
0 0.87646484375 0.533203125 0.0458984375 0.0234375
0 0.87451171875 0.5537109375 0.0458984375 0.021484375
0 0.87744140625 0.58203125 0.0498046875 0.021484375
0 0.8779296875 0.62060546875 0.048828125 0.0224609375
0 0.82666015625 0.62646484375 0.0439453125 0.0224609375
0 0.857421875 0.65673828125 0.037109375 0.0224609375
0 0.9267578125 0.052734375 0.03125 0.017578125
0 0.75439453125 0.85205078125 0.0361328125 0.0185546875
0 0.75537109375 0.8330078125 0.0341796875 0.01953125
0 0.7509765625 0.81103515625 0.0390625 0.0205078125
0 0.74755859375 0.77294921875 0.0380859375 0.0224609375
1 0.5673828125 0.21875 0.03125 0.076171875
1 0.5986328125 0.22216796875 0.02734375 0.0595703125
1 0.2470703125 0.07666015625 0.0234375 0.0576171875
1 0.3212890625 0.07177734375 0.029296875 0.0595703125
1 0.53369140625 0.05224609375 0.0263671875 0.0556640625
1 0.63525390625 0.2158203125 0.0322265625 0.0859375
1 0.66943359375 0.20703125 0.0302734375 0.068359375
1 0.697265625 0.2099609375 0.029296875 0.068359375
1 0.7265625 0.205078125 0.03125 0.083984375
1 0.7177734375 0.03857421875 0.025390625 0.0537109375
1 0.791015625 0.03369140625 0.029296875 0.0576171875
0 0.7177734375 0.341796875 0.03515625 0.017578125
0 0.68603515625 0.36572265625 0.0361328125 0.0185546875
0 0.72802734375 0.3818359375 0.0380859375 0.0234375
0 0.72802734375 0.40185546875 0.0400390625 0.0224609375
0 0.7275390625 0.42236328125 0.033203125 0.0185546875
0 0.72998046875 0.4423828125 0.0341796875 0.01953125
0 0.72900390625 0.4619140625 0.0322265625 0.01953125
0 0.7294921875 0.4853515625 0.03515625 0.01953125
0 0.70654296875 0.50537109375 0.0361328125 0.0185546875
0 0.73974609375 0.52197265625 0.0322265625 0.0205078125
0 0.72412109375 0.54443359375 0.0361328125 0.0205078125
0 0.73583984375 0.56201171875 0.0341796875 0.0185546875
0 0.7138671875 0.61279296875 0.04296875 0.0224609375
0 0.78369140625 0.53955078125 0.0439453125 0.0478515625
0 0.74365234375 0.68994140625 0.0361328125 0.0185546875
0 0.744140625 0.7109375 0.03515625 0.017578125
0 0.7490234375 0.73291015625 0.03515625 0.0185546875
0 0.7490234375 0.75146484375 0.033203125 0.0166015625
