0 0.65673828125 0.4462890625 0.0361328125 0.029296875
0 0.23779296875 0.1455078125 0.0439453125 0.02734375
1 0.4189453125 0.52587890625 0.056640625 0.0908203125
1 0.39599609375 0.51513671875 0.0498046875 0.0927734375
1 0.37109375 0.505859375 0.048828125 0.08203125
1 0.31396484375 0.48681640625 0.0458984375 0.0830078125
1 0.28662109375 0.470703125 0.0498046875 0.0859375
1 0.1962890625 0.4228515625 0.056640625 0.083984375
1 0.169921875 0.4130859375 0.0546875 0.0859375
0 0.201171875 0.26611328125 0.0546875 0.0341796875
0 0.22412109375 0.19580078125 0.0380859375 0.0263671875
0 0.248046875 0.123046875 0.041015625 0.0234375
1 0.53125 0.56689453125 0.04296875 0.0888671875
0 0.55517578125 0.20654296875 0.0341796875 0.0263671875
0 0.74462890625 0.3466796875 0.0341796875 0.04296875
0 0.3623046875 0.2099609375 0.044921875 0.03125
0 0.3720703125 0.18896484375 0.041015625 0.0283203125
0 0.38623046875 0.0654296875 0.0224609375 0.0390625
0 0.40869140625 0.07861328125 0.0283203125 0.0380859375
0 0.44775390625 0.1005859375 0.0263671875 0.0390625
0 0.47314453125 0.10595703125 0.0263671875 0.0361328125
0 0.49365234375 0.11669921875 0.0283203125 0.0380859375
1 0.48046875 0.5458984375 0.05078125 0.095703125
1 0.56103515625 0.5712890625 0.0478515625 0.08984375
1 0.9658203125 0.59716796875 0.068359375 0.0341796875
1 0.87158203125 0.45654296875 0.0927734375 0.0498046875
1 0.96240234375 0.5048828125 0.0751953125 0.044921875
1 0.9775390625 0.44091796875 0.044921875 0.0341796875
1 0.98779296875 0.404296875 0.0244140625 0.02734375
1 0.93212890625 0.326171875 0.0830078125 0.046875
1 0.9189453125 0.35546875 0.08203125 0.048828125
1 0.91455078125 0.38134765625 0.0849609375 0.0498046875
0 0.8818359375 0.39697265625 0.060546875 0.0380859375
1 0.880859375 0.4287109375 0.0859375 0.048828125
1 0.86669921875 0.50390625 0.0849609375 0.044921875
1 0.5869140625 0.58349609375 0.05078125 0.0947265625
1 0.86181640625 0.53173828125 0.0849609375 0.0419921875
1 0.86865234375 0.5634765625 0.0927734375 0.048828125
1 0.873046875 0.6005859375 0.08203125 0.04296875
0 0.84130859375 0.61572265625 0.0478515625 0.0302734375
1 0.7568359375 0.63427734375 0.046875 0.0927734375
1 0.72705078125 0.6220703125 0.0419921875 0.083984375
1 0.650390625 0.5947265625 0.052734375 0.087890625
0 0.72412109375 0.39990234375 0.0302734375 0.0458984375
1 0.6142578125 0.591796875 0.048828125 0.08984375
0 0.56689453125 0.14501953125 0.0283203125 0.0380859375
