0 0.720703125 0.08251953125 0.0390625 0.0166015625
0 0.0703125 0.94091796875 0.01953125 0.0380859375
0 0.03662109375 0.82470703125 0.0205078125 0.0478515625
0 0.04052734375 0.77099609375 0.0205078125 0.0498046875
0 0.12158203125 0.9462890625 0.0185546875 0.0390625
0 0.09423828125 0.9443359375 0.0185546875 0.037109375
0 0.14453125 0.94677734375 0.01953125 0.0361328125
0 0.7998046875 0.8828125 0.021484375 0.046875
0 0.369140625 0.8369140625 0.021484375 0.041015625
0 0.77685546875 0.87890625 0.0185546875 0.03515625
0 0.84912109375 0.7646484375 0.0224609375 0.044921875
0 0.77392578125 0.75732421875 0.0185546875 0.0361328125
0 0.7197265625 0.755859375 0.01953125 0.04296875
0 0.66943359375 0.75537109375 0.0205078125 0.0458984375
0 0.64208984375 0.751953125 0.0166015625 0.0390625
0 0.5751953125 0.865234375 0.01953125 0.037109375
0 0.5234375 0.86962890625 0.01953125 0.0341796875
0 0.31689453125 0.5927734375 0.0517578125 0.01953125
0 0.3701171875 0.548828125 0.04296875 0.03125
0 0.2724609375 0.95556640625 0.01953125 0.0380859375
0 0.32177734375 0.95556640625 0.0205078125 0.0439453125
0 0.35205078125 0.95263671875 0.0205078125 0.0458984375
0 0.29296875 0.83837890625 0.021484375 0.0400390625
0 0.3427734375 0.8349609375 0.021484375 0.044921875
0 0.16943359375 0.9482421875 0.0224609375 0.041015625
0 0.31689453125 0.83984375 0.0185546875 0.041015625
0 0.3701171875 0.7900390625 0.01953125 0.037109375
0 0.34814453125 0.78857421875 0.0185546875 0.0380859375
0 0.31982421875 0.7890625 0.0166015625 0.037109375
0 0.29541015625 0.79052734375 0.0166015625 0.0361328125
0 0.2685546875 0.78662109375 0.01953125 0.0400390625
0 0.24560546875 0.783203125 0.0185546875 0.037109375
0 0.23828125 0.8330078125 0.01953125 0.041015625
0 0.212890625 0.83056640625 0.017578125 0.0380859375
0 0.19091796875 0.83544921875 0.0185546875 0.0380859375
0 0.1416015625 0.8251953125 0.017578125 0.0390625
0 0.166015625 0.787109375 0.021484375 0.044921875
0 0.14208984375 0.7763671875 0.0205078125 0.04296875
0 0.06591796875 0.8203125 0.0205078125 0.0390625
