0 0.4130859375 0.34619140625 0.0390625 0.0166015625
0 0.6904296875 0.94091796875 0.01953125 0.0380859375
0 0.611328125 0.94140625 0.01953125 0.0390625
0 0.42724609375 0.8173828125 0.0244140625 0.05078125
0 0.451171875 0.81982421875 0.021484375 0.0458984375
0 0.55517578125 0.81689453125 0.0185546875 0.0400390625
0 0.60498046875 0.82080078125 0.0205078125 0.0478515625
0 0.65673828125 0.82470703125 0.0205078125 0.0478515625
0 0.66064453125 0.77099609375 0.0205078125 0.0498046875
0 0.61083984375 0.76904296875 0.0205078125 0.0478515625
0 0.583984375 0.7666015625 0.01953125 0.0546875
0 0.556640625 0.76953125 0.01953125 0.04296875
0 0.478515625 0.76416015625 0.01953125 0.0478515625
0 0.42626953125 0.74951171875 0.0205078125 0.0498046875
0 0.4130859375 0.37255859375 0.03515625 0.0166015625
0 0.41845703125 0.29248046875 0.0380859375 0.0146484375
0 0.74169921875 0.9462890625 0.0185546875 0.0390625
0 0.41796875 0.24267578125 0.041015625 0.0166015625
0 0.1015625 0.857421875 0.021484375 0.0390625
0 0.1123046875 0.810546875 0.01953125 0.041015625
0 0.302734375 0.927734375 0.01953125 0.044921875
0 0.353515625 0.9306640625 0.017578125 0.041015625
0 0.26708984375 0.7724609375 0.0419921875 0.017578125
0 0.26806640625 0.7451171875 0.0400390625 0.01953125
0 0.27978515625 0.64453125 0.0400390625 0.021484375
0 0.2841796875 0.544921875 0.041015625 0.01953125
0 0.29541015625 0.39404296875 0.0419921875 0.0185546875
0 0.2939453125 0.34521484375 0.041015625 0.0205078125
0 0.29541015625 0.29443359375 0.0380859375 0.0166015625
0 0.29931640625 0.240234375 0.0400390625 0.01953125
0 0.30517578125 0.18994140625 0.0322265625 0.0205078125
0 0.71435546875 0.9443359375 0.0185546875 0.037109375
0 0.7646484375 0.94677734375 0.01953125 0.0361328125
0 0.9892578125 0.8369140625 0.021484375 0.041015625
0 0.93701171875 0.5927734375 0.0517578125 0.01953125
0 0.984375 0.54736328125 0.03125 0.0283203125
0 0.892578125 0.95556640625 0.01953125 0.0380859375
0 0.94189453125 0.95556640625 0.0205078125 0.0439453125
0 0.97216796875 0.95263671875 0.0205078125 0.0458984375
0 0.9130859375 0.83837890625 0.021484375 0.0400390625
0 0.962890625 0.8349609375 0.021484375 0.044921875
0 0.78955078125 0.9482421875 0.0224609375 0.041015625
0 0.93701171875 0.83984375 0.0185546875 0.041015625
0 0.990234375 0.7900390625 0.01953125 0.037109375
0 0.96826171875 0.78857421875 0.0185546875 0.0380859375
0 0.93994140625 0.7890625 0.0166015625 0.037109375
0 0.91552734375 0.79052734375 0.0166015625 0.0361328125
0 0.888671875 0.78662109375 0.01953125 0.0400390625
0 0.86572265625 0.783203125 0.0185546875 0.037109375
0 0.8583984375 0.8330078125 0.01953125 0.041015625
0 0.8330078125 0.83056640625 0.017578125 0.0380859375
0 0.81103515625 0.83544921875 0.0185546875 0.0380859375
0 0.76171875 0.8251953125 0.017578125 0.0390625
0 0.7861328125 0.787109375 0.021484375 0.044921875
0 0.76220703125 0.7763671875 0.0205078125 0.04296875
0 0.68603515625 0.8203125 0.0205078125 0.0390625
0 0.30712890625 0.166015625 0.0341796875 0.017578125
