0 0.97021484375 0.56982421875 0.0205078125 0.0302734375
0 0.8369140625 0.16845703125 0.0234375 0.0302734375
0 0.65478515625 0.3193359375 0.0224609375 0.03125
0 0.59375 0.134765625 0.03125 0.0390625
3 0.2158203125 0.580078125 0.095703125 0.080078125
3 0.37353515625 0.9658203125 0.0732421875 0.056640625
1 0.80712890625 0.78857421875 0.0400390625 0.0869140625
1 0.71337890625 0.48193359375 0.0341796875 0.0537109375
1 0.91064453125 0.443359375 0.0478515625 0.08203125
1 0.916015625 0.40087890625 0.046875 0.0791015625
1 0.826171875 0.203125 0.044921875 0.080078125
0 0.798828125 0.05908203125 0.01953125 0.0302734375
0 0.875 0.34765625 0.0234375 0.033203125
0 0.86865234375 0.26220703125 0.0205078125 0.0283203125
0 0.90234375 0.1796875 0.015625 0.029296875
