0 0.58251953125 0.0634765625 0.0869140625 0.12109375
0 0.69091796875 0.224609375 0.0478515625 0.0546875
0 0.7080078125 0.306640625 0.041015625 0.04296875
0 0.68994140625 0.349609375 0.0439453125 0.05078125
0 0.6640625 0.40283203125 0.041015625 0.0498046875
0 0.85986328125 0.43701171875 0.0439453125 0.0341796875
0 0.85205078125 0.41748046875 0.0439453125 0.0322265625
0 0.8408203125 0.39599609375 0.048828125 0.0322265625
0 0.828125 0.373046875 0.05859375 0.037109375
0 0.82470703125 0.50244140625 0.0615234375 0.0419921875
5 0.24365234375 0.951171875 0.1767578125 0.09765625
