0 0.76171875 0.34521484375 0.029296875 0.0361328125
0 0.97021484375 0.96728515625 0.0205078125 0.0302734375
0 0.8369140625 0.56591796875 0.0234375 0.0302734375
0 0.65478515625 0.716796875 0.0224609375 0.03125
0 0.59375 0.5322265625 0.03125 0.0390625
0 0.4892578125 0.2333984375 0.029296875 0.041015625
3 0.2158203125 0.96875 0.095703125 0.0625
1 0.71337890625 0.87939453125 0.0341796875 0.0537109375
1 0.91064453125 0.8408203125 0.0478515625 0.08203125
1 0.916015625 0.79833984375 0.046875 0.0791015625
1 0.826171875 0.6005859375 0.044921875 0.080078125
1 0.74365234375 0.35400390625 0.0439453125 0.0830078125
0 0.798828125 0.45654296875 0.01953125 0.0302734375
0 0.875 0.7451171875 0.0234375 0.033203125
0 0.86865234375 0.65966796875 0.0205078125 0.0283203125
0 0.90234375 0.5771484375 0.015625 0.029296875
