4 0.94482421875 0.43994140625 0.0791015625 0.1435546875
4 0.9951171875 0.67333984375 0.009765625 0.0400390625
4 0.921875 0.4521484375 0.06640625 0.138671875
1 0.68994140625 0.69677734375 0.1025390625 0.0498046875
1 0.7568359375 0.564453125 0.03125 0.08203125
1 0.7763671875 0.69873046875 0.048828125 0.0341796875
1 0.6123046875 0.72412109375 0.05859375 0.0361328125
3 0.892578125 0.9951171875 0.0703125 0.009765625
3 0.81298828125 0.990234375 0.0732421875 0.01953125
0 0.46142578125 0.9833984375 0.0244140625 0.033203125
0 0.447265625 0.9404296875 0.025390625 0.033203125
5 0.9384765625 0.65185546875 0.123046875 0.0751953125
0 0.3466796875 0.6494140625 0.02734375 0.0390625
0 0.41943359375 0.68212890625 0.0322265625 0.0205078125
0 0.41552734375 0.67333984375 0.0322265625 0.0244140625
0 0.4140625 0.65966796875 0.033203125 0.0224609375
0 0.41015625 0.64892578125 0.033203125 0.0224609375
0 0.40380859375 0.6279296875 0.0283203125 0.01953125
0 0.39453125 0.60546875 0.0234375 0.01953125
0 0.3916015625 0.59326171875 0.0234375 0.0205078125
0 0.3828125 0.5712890625 0.029296875 0.0234375
0 0.3798828125 0.560546875 0.033203125 0.021484375
0 0.3740234375 0.54931640625 0.02734375 0.0205078125
0 0.36669921875 0.52685546875 0.0283203125 0.0205078125
0 0.36181640625 0.51611328125 0.0322265625 0.0185546875
0 0.35986328125 0.50537109375 0.0341796875 0.0205078125
0 0.3544921875 0.4833984375 0.03125 0.021484375
0 0.3525390625 0.47021484375 0.03515625 0.0224609375
0 0.34765625 0.4599609375 0.033203125 0.0234375
4 0.97607421875 0.59130859375 0.0478515625 0.0615234375
0 0.43505859375 0.12548828125 0.0224609375 0.0322265625
0 0.41015625 0.13330078125 0.01953125 0.0302734375
0 0.4013671875 0.13623046875 0.01953125 0.0283203125
0 0.388671875 0.14306640625 0.021484375 0.0283203125
0 0.333984375 0.087890625 0.025390625 0.037109375
0 0.3662109375 0.0751953125 0.0234375 0.03125
0 0.3095703125 0.51708984375 0.01953125 0.0322265625
0 0.423828125 0.70556640625 0.037109375 0.0283203125
0 0.39501953125 0.77001953125 0.0244140625 0.0302734375
0 0.4267578125 0.88818359375 0.02734375 0.0400390625
0 0.52294921875 0.994140625 0.0263671875 0.01171875
0 0.54345703125 0.9892578125 0.0302734375 0.021484375
0 0.515625 0.9873046875 0.03125 0.021484375
0 0.515625 0.974609375 0.025390625 0.017578125
0 0.5087890625 0.966796875 0.025390625 0.017578125
0 0.501953125 0.94580078125 0.025390625 0.0185546875
0 0.53369140625 0.95751953125 0.0263671875 0.0185546875
0 0.52587890625 0.9501953125 0.0263671875 0.01953125
0 0.4951171875 0.91796875 0.025390625 0.021484375
0 0.5 0.92919921875 0.021484375 0.0185546875
0 0.52294921875 0.93603515625 0.0283203125 0.0185546875
0 0.51904296875 0.92041015625 0.0224609375 0.0205078125
0 0.51171875 0.888671875 0.029296875 0.021484375
0 0.48779296875 0.89501953125 0.0283203125 0.0205078125
0 0.48388671875 0.88427734375 0.0283203125 0.0205078125
0 0.47607421875 0.8603515625 0.0244140625 0.01953125
0 0.5068359375 0.87548828125 0.02734375 0.0205078125
0 0.4990234375 0.8525390625 0.02734375 0.01953125
0 0.50390625 0.86376953125 0.029296875 0.0205078125
0 0.4052734375 0.79931640625 0.0234375 0.0322265625
0 0.39990234375 0.0595703125 0.0166015625 0.0234375
0 0.4130859375 0.05712890625 0.021484375 0.0322265625
0 0.44384765625 0.046875 0.0224609375 0.02734375
0 0.45849609375 0.0419921875 0.0205078125 0.03125
