8 0.8125 0.84619140625 0.099609375 0.1474609375
8 0.82275390625 0.68212890625 0.1083984375 0.1552734375
12 0.23583984375 0.40576171875 0.1416015625 0.2255859375
12 0.20654296875 0.6328125 0.1455078125 0.21875
12 0.0712890625 0.6162109375 0.140625 0.220703125
12 0.0556640625 0.8466796875 0.109375 0.2265625
12 0.0458984375 0.98388671875 0.08984375 0.0322265625
12 0.16748046875 0.98974609375 0.1201171875 0.0205078125
12 0.181640625 0.861328125 0.142578125 0.21875
12 0.45703125 0.3857421875 0.26171875 0.1484375
12 0.44384765625 0.5205078125 0.2568359375 0.15234375
8 0.525390625 0.97412109375 0.087890625 0.0517578125
8 0.361328125 0.966796875 0.09375 0.06640625
8 0.69287109375 0.98388671875 0.0927734375 0.0322265625
8 0.81298828125 0.98779296875 0.0947265625 0.0244140625
8 0.7021484375 0.6630859375 0.109375 0.146484375
8 0.5458984375 0.7734375 0.12109375 0.20703125
8 0.37646484375 0.7568359375 0.1181640625 0.203125
8 0.6865234375 0.83349609375 0.10546875 0.1513671875
12 0.0947265625 0.3935546875 0.16796875 0.232421875
