3 0.33056640625 0.8251953125 0.0654296875 0.068359375
3 0.2958984375 0.64794921875 0.03515625 0.0380859375
3 0.41748046875 0.66259765625 0.0380859375 0.0400390625
3 0.53662109375 0.68310546875 0.0478515625 0.0517578125
3 0.3427734375 0.71484375 0.068359375 0.0703125
3 0.2705078125 0.75830078125 0.033203125 0.0341796875
3 0.46875 0.70947265625 0.04296875 0.0419921875
3 0.46435546875 0.77685546875 0.0400390625 0.0458984375
3 0.51611328125 0.7451171875 0.0224609375 0.025390625
3 0.2509765625 0.99658203125 0.072265625 0.0068359375
3 0.55029296875 0.7509765625 0.0244140625 0.025390625
3 0.5234375 0.79248046875 0.0234375 0.0244140625
3 0.45361328125 0.84716796875 0.0419921875 0.0458984375
3 0.26513671875 0.875 0.0400390625 0.041015625
3 0.390625 0.89892578125 0.05859375 0.0634765625
3 0.509765625 0.8251953125 0.0234375 0.0234375
3 0.517578125 0.8876953125 0.033203125 0.03515625
3 0.56494140625 0.9208984375 0.0224609375 0.025390625
3 0.4951171875 0.94677734375 0.033203125 0.0361328125
3 0.29345703125 0.95263671875 0.0498046875 0.0517578125
3 0.45751953125 0.9072265625 0.0244140625 0.025390625
3 0.3662109375 0.9755859375 0.046875 0.046875
1 0.3017578125 0.57373046875 0.029296875 0.0107421875
1 0.4150390625 0.37939453125 0.03125 0.0107421875
1 0.47998046875 0.38232421875 0.0107421875 0.0361328125
1 0.4921875 0.42822265625 0.005859375 0.0244140625
1 0.46875 0.458984375 0.01171875 0.03515625
1 0.4853515625 0.4521484375 0.0234375 0.025390625
1 0.69677734375 0.26953125 0.0107421875 0.029296875
1 0.66845703125 0.677734375 0.0166015625 0.029296875
1 0.8271484375 0.85986328125 0.04296875 0.0107421875
3 0.44140625 0.98193359375 0.056640625 0.0361328125
1 0.29541015625 0.5654296875 0.0302734375 0.009765625
