0 0.09619140625 0.6533203125 0.0361328125 0.0390625
0 0.064453125 0.45556640625 0.03125 0.0341796875
0 0.041015625 0.58544921875 0.03515625 0.0400390625
0 0.01220703125 0.736328125 0.0224609375 0.01953125
0 0.14453125 0.3369140625 0.02734375 0.03515625
0 0.2392578125 0.291015625 0.03515625 0.013671875
0 0.16748046875 0.32373046875 0.0302734375 0.0380859375
0 0.25732421875 0.30908203125 0.0341796875 0.0166015625
0 0.27392578125 0.3271484375 0.0341796875 0.015625
0 0.28466796875 0.34716796875 0.0341796875 0.0166015625
0 0.306640625 0.38232421875 0.03515625 0.0146484375
0 0.3134765625 0.40380859375 0.03515625 0.0146484375
0 0.32177734375 0.42529296875 0.0361328125 0.0166015625
0 0.29150390625 0.50927734375 0.0341796875 0.0458984375
0 0.263671875 0.4775390625 0.029296875 0.041015625
0 0.24755859375 0.4599609375 0.0302734375 0.041015625
0 0.232421875 0.44580078125 0.025390625 0.0380859375
0 0.216796875 0.4267578125 0.025390625 0.033203125
4 0.14013671875 0.3720703125 0.0341796875 0.033203125
5 0.6904296875 0.0869140625 0.15234375 0.171875
5 0.40673828125 0.0810546875 0.1474609375 0.16015625
5 0.61767578125 0.4931640625 0.0205078125 0.029296875
5 0.61572265625 0.5771484375 0.0185546875 0.02734375
5 0.96533203125 0.08984375 0.0693359375 0.177734375
0 0.275390625 0.85400390625 0.025390625 0.0341796875
0 0.275390625 0.9169921875 0.0234375 0.0390625
0 0.29736328125 0.96875 0.0263671875 0.0390625
4 0.96044921875 0.00830078125 0.0791015625 0.0146484375
4 0.95751953125 0.17138671875 0.0654296875 0.0224609375
4 0.95849609375 0.08154296875 0.0771484375 0.0283203125
4 0.89208984375 0.21533203125 0.0478515625 0.0302734375
4 0.64111328125 0.009765625 0.0595703125 0.017578125
4 0.63916015625 0.0361328125 0.0498046875 0.01953125
4 0.73095703125 0.04541015625 0.0712890625 0.0302734375
4 0.71484375 0.0859375 0.0546875 0.021484375
4 0.63720703125 0.08251953125 0.0673828125 0.0244140625
4 0.3583984375 0.14990234375 0.064453125 0.0263671875
4 0.43701171875 0.1162109375 0.0498046875 0.021484375
4 0.365234375 0.0830078125 0.05078125 0.021484375
4 0.439453125 0.083984375 0.06640625 0.02734375
4 0.44091796875 0.048828125 0.0556640625 0.0234375
4 0.36474609375 0.05078125 0.0615234375 0.03515625
4 0.36328125 0.01708984375 0.048828125 0.0205078125
4 0.6240234375 0.12109375 0.080078125 0.033203125
4 0.72509765625 0.1611328125 0.0615234375 0.021484375
4 0.61865234375 0.15673828125 0.0693359375 0.0263671875
4 0.7236328125 0.1181640625 0.068359375 0.025390625
