1 0.20703125 0.37353515625 0.015625 0.0341796875
0 0.16357421875 0.38720703125 0.0166015625 0.0263671875
0 0.60986328125 0.28466796875 0.0322265625 0.0166015625
0 0.26025390625 0.9873046875 0.0244140625 0.025390625
0 0.294921875 0.79443359375 0.021484375 0.0322265625
0 0.2666015625 0.71142578125 0.025390625 0.0361328125
0 0.2392578125 0.6298828125 0.025390625 0.03515625
0 0.2255859375 0.59228515625 0.021484375 0.0322265625
0 0.27685546875 0.52880859375 0.0224609375 0.0341796875
0 0.4384765625 0.04150390625 0.03125 0.0322265625
0 0.30126953125 0.11279296875 0.0322265625 0.0322265625
