0 0.04931640625 0.98388671875 0.0205078125 0.0322265625
0 0.029296875 0.98095703125 0.021484375 0.0380859375
0 0.18359375 0.65869140625 0.041015625 0.0439453125
0 0.06591796875 0.8798828125 0.0224609375 0.044921875
0 0.0439453125 0.87890625 0.021484375 0.0390625
0 0.0234375 0.8779296875 0.0234375 0.041015625
0 0.00830078125 0.87158203125 0.0146484375 0.0439453125
0 0.3212890625 0.60791015625 0.033203125 0.0341796875
0 0.3173828125 0.58447265625 0.03515625 0.0341796875
0 0.31103515625 0.51025390625 0.0361328125 0.0361328125
0 0.2998046875 0.43896484375 0.03125 0.0322265625
0 0.20947265625 0.98388671875 0.0361328125 0.0302734375
0 0.2158203125 0.95556640625 0.0390625 0.0361328125
0 0.298828125 0.97314453125 0.041015625 0.0380859375
0 0.30322265625 0.94970703125 0.0400390625 0.0380859375
0 0.30810546875 0.9287109375 0.0361328125 0.03515625
0 0.2119140625 0.9326171875 0.0390625 0.03515625
0 0.09375 0.93896484375 0.0390625 0.0302734375
0 0.0849609375 0.8896484375 0.021484375 0.041015625
0 0.3642578125 0.84375 0.044921875 0.01953125
0 0.36669921875 0.82080078125 0.0341796875 0.0185546875
0 0.3681640625 0.77734375 0.037109375 0.01953125
0 0.36279296875 0.75927734375 0.0341796875 0.0166015625
0 0.36181640625 0.73974609375 0.0380859375 0.0244140625
1 0.08837890625 0.71240234375 0.0322265625 0.0439453125
5 0.02001953125 0.36083984375 0.0380859375 0.1806640625
4 0.94482421875 0.8681640625 0.0478515625 0.115234375
4 0.8505859375 0.89013671875 0.029296875 0.1240234375
4 0.7880859375 0.8388671875 0.025390625 0.05078125
4 0.66259765625 0.90185546875 0.0263671875 0.0810546875
4 0.54736328125 0.93115234375 0.0712890625 0.1220703125
