4 0.931640625 0.5224609375 0.046875 0.03125
5 0.3388671875 0.78662109375 0.1640625 0.1064453125
5 0.31201171875 0.828125 0.1669921875 0.107421875
5 0.3837890625 0.693359375 0.021484375 0.033203125
4 0.3740234375 0.67236328125 0.041015625 0.0595703125
4 0.61865234375 0.564453125 0.0341796875 0.044921875
4 0.69677734375 0.75927734375 0.0576171875 0.0654296875
4 0.40966796875 0.6826171875 0.0439453125 0.068359375
0 0.01416015625 0.7880859375 0.0263671875 0.025390625
0 0.16455078125 0.5625 0.0263671875 0.03515625
0 0.02099609375 0.376953125 0.0263671875 0.03515625
0 0.060546875 0.30126953125 0.025390625 0.0341796875
0 0.1259765625 0.0244140625 0.0234375 0.02734375
0 0.13720703125 0.0078125 0.0185546875 0.013671875
0 0.06396484375 0.13916015625 0.0244140625 0.0302734375
0 0.115234375 0.1533203125 0.03125 0.0390625
0 0.16748046875 0.1064453125 0.0283203125 0.03515625
4 0.5400390625 0.376953125 0.07421875 0.083984375
