0 0.34423828125 0.44140625 0.0322265625 0.017578125
0 0.50927734375 0.7265625 0.0166015625 0.0390625
5 0.06103515625 0.93408203125 0.0634765625 0.0166015625
5 0.0478515625 0.83544921875 0.0625 0.0185546875
5 0.037109375 0.73828125 0.0625 0.015625
4 0.2568359375 0.8720703125 0.05078125 0.14453125
4 0.34033203125 0.4052734375 0.1884765625 0.0703125
4 0.0244140625 0.65869140625 0.046875 0.1123046875
0 0.5322265625 0.91015625 0.017578125 0.03515625
0 0.5263671875 0.86474609375 0.015625 0.0380859375
0 0.52197265625 0.82568359375 0.0166015625 0.0341796875
