1 0.20849609375 0.60791015625 0.0322265625 0.1181640625
0 0.80712890625 0.9189453125 0.0322265625 0.025390625
0 0.28515625 0.79443359375 0.01953125 0.0361328125
0 0.197265625 0.35009765625 0.025390625 0.0341796875
0 0.1728515625 0.44189453125 0.0234375 0.0380859375
0 0.166015625 0.4873046875 0.01953125 0.03515625
0 0.17626953125 0.56982421875 0.0205078125 0.0361328125
0 0.1904296875 0.67431640625 0.01953125 0.0341796875
0 0.216796875 0.81298828125 0.021484375 0.0322265625
0 0.2099609375 0.78125 0.017578125 0.029296875
0 0.205078125 0.7509765625 0.015625 0.03125
0 0.2548828125 0.98095703125 0.01953125 0.0341796875
0 0.23828125 0.798828125 0.017578125 0.02734375
0 0.2666015625 0.68994140625 0.017578125 0.0341796875
0 0.2705078125 0.37744140625 0.02734375 0.0341796875
0 0.25732421875 0.41357421875 0.0244140625 0.0361328125
0 0.560546875 0.2177734375 0.033203125 0.02734375
0 0.26025390625 0.18701171875 0.0244140625 0.0341796875
0 0.29833984375 0.00341796875 0.0146484375 0.0048828125
