2 0.98193359375 0.21142578125 0.0361328125 0.1708984375
0 0.669921875 0.185546875 0.03125 0.015625
0 0.66259765625 0.2578125 0.0341796875 0.017578125
0 0.666015625 0.2763671875 0.029296875 0.017578125
0 0.6611328125 0.3173828125 0.033203125 0.015625
0 0.6630859375 0.29541015625 0.033203125 0.0126953125
0 0.6181640625 0.4453125 0.029296875 0.017578125
0 0.61572265625 0.46533203125 0.0341796875 0.0166015625
0 0.61767578125 0.4833984375 0.0341796875 0.015625
0 0.61669921875 0.51904296875 0.0322265625 0.0185546875
0 0.61474609375 0.537109375 0.0361328125 0.017578125
0 0.61474609375 0.556640625 0.0341796875 0.017578125
0 0.69384765625 0.64208984375 0.0263671875 0.0185546875
0 0.60986328125 0.6318359375 0.0361328125 0.021484375
0 0.607421875 0.669921875 0.033203125 0.01953125
0 0.607421875 0.68701171875 0.03515625 0.0205078125
1 0.77001953125 0.861328125 0.0166015625 0.03125
0 0.83935546875 0.8681640625 0.0185546875 0.033203125
0 0.8095703125 0.8642578125 0.015625 0.033203125
0 0.6708984375 0.14453125 0.03515625 0.017578125
0 0.59912109375 0.06494140625 0.0341796875 0.0283203125
0 0.59716796875 0.04150390625 0.0361328125 0.0322265625
0 0.6025390625 0.01953125 0.033203125 0.02734375
0 0.60595703125 0.0078125 0.0302734375 0.013671875
0 0.03955078125 0.5498046875 0.0302734375 0.017578125
0 0.19580078125 0.6357421875 0.0380859375 0.021484375
0 0.0732421875 0.64892578125 0.037109375 0.0224609375
0 0.0380859375 0.62548828125 0.03125 0.0166015625
0 0.07568359375 0.5732421875 0.0322265625 0.017578125
0 0.15625 0.61376953125 0.03125 0.0166015625
0 0.19580078125 0.5966796875 0.0302734375 0.013671875
0 0.0419921875 0.51123046875 0.033203125 0.0166015625
0 0.19482421875 0.65380859375 0.0341796875 0.0185546875
0 0.16845703125 0.5361328125 0.0283203125 0.013671875
0 0.24169921875 0.5078125 0.0185546875 0.041015625
0 0.1748046875 0.419921875 0.03125 0.015625
0 0.1796875 0.345703125 0.03125 0.015625
0 0.15869140625 0.650390625 0.0322265625 0.017578125
0 0.19140625 0.67236328125 0.02734375 0.0146484375
0 0.2109375 0.82666015625 0.017578125 0.0283203125
0 0.373046875 0.98681640625 0.029296875 0.0263671875
0 0.37890625 0.9462890625 0.033203125 0.03125
0 0.455078125 0.9873046875 0.03125 0.025390625
0 0.45654296875 0.97119140625 0.0341796875 0.0322265625
0 0.45947265625 0.947265625 0.0302734375 0.03125
0 0.2734375 0.82958984375 0.017578125 0.0341796875
1 0.5634765625 0.513671875 0.02734375 0.046875
0 0.2099609375 0.40283203125 0.033203125 0.0185546875
0 0.22998046875 0.82861328125 0.0166015625 0.0341796875
0 0.1884765625 0.81884765625 0.0234375 0.0361328125
0 0.1552734375 0.6689453125 0.03125 0.015625
0 0.1689453125 0.8154296875 0.021484375 0.03515625
0 0.150390625 0.8125 0.0234375 0.033203125
0 0.11474609375 0.7998046875 0.0224609375 0.03515625
0 0.0986328125 0.7939453125 0.0234375 0.03515625
0 0.0791015625 0.79052734375 0.025390625 0.0341796875
1 0.01416015625 0.748046875 0.0263671875 0.025390625
0 0.03271484375 0.64697265625 0.0322265625 0.0166015625
0 0.06640625 0.68310546875 0.033203125 0.0166015625
1 0.19287109375 0.712890625 0.0400390625 0.01953125
0 0.15380859375 0.70751953125 0.0380859375 0.0205078125
0 0.15576171875 0.68994140625 0.0283203125 0.0166015625
