5 0.892578125 0.46875 0.21484375 0.111328125
5 0.59326171875 0.79052734375 0.8134765625 0.2958984375
5 0.201171875 0.923828125 0.03125 0.15234375
5 0.08203125 0.93115234375 0.03125 0.1376953125
5 0.18310546875 0.7666015625 0.0302734375 0.12890625
5 0.064453125 0.78515625 0.03125 0.130859375
4 0.98828125 0.80712890625 0.0234375 0.0615234375
4 0.98193359375 0.693359375 0.0361328125 0.095703125
4 0.93505859375 0.69873046875 0.0380859375 0.0947265625
4 0.95068359375 0.80712890625 0.0302734375 0.0732421875
4 0.90380859375 0.8125 0.0361328125 0.0859375
4 0.43359375 0.86572265625 0.03515625 0.0810546875
4 0.30517578125 0.88671875 0.0341796875 0.0859375
4 0.22216796875 0.89501953125 0.0322265625 0.0751953125
4 0.11474609375 0.93115234375 0.0595703125 0.1376953125
4 0.16943359375 0.9306640625 0.0556640625 0.126953125
4 0.0400390625 0.9130859375 0.0703125 0.173828125
4 0.3994140625 0.74853515625 0.037109375 0.1162109375
4 0.2744140625 0.75927734375 0.041015625 0.1220703125
4 0.21142578125 0.7626953125 0.0400390625 0.126953125
4 0.15283203125 0.7646484375 0.0576171875 0.14453125
4 0.09423828125 0.77490234375 0.0517578125 0.1220703125
4 0.39501953125 0.87548828125 0.0400390625 0.0986328125
4 0.47607421875 0.8642578125 0.0302734375 0.072265625
4 0.51513671875 0.86083984375 0.0341796875 0.0791015625
4 0.8642578125 0.82373046875 0.04296875 0.1025390625
4 0.81787109375 0.82666015625 0.0380859375 0.0927734375
4 0.89111328125 0.705078125 0.0361328125 0.09375
4 0.85302734375 0.71044921875 0.0400390625 0.0869140625
4 0.806640625 0.712890625 0.041015625 0.091796875
4 0.77880859375 0.83203125 0.0322265625 0.076171875
4 0.73193359375 0.83642578125 0.0263671875 0.0751953125
4 0.755859375 0.71923828125 0.03515625 0.0927734375
4 0.5712890625 0.720703125 0.052734375 0.134765625
4 0.68896484375 0.83935546875 0.0341796875 0.0927734375
4 0.64892578125 0.84326171875 0.0322265625 0.0908203125
4 0.642578125 0.72119140625 0.044921875 0.1083984375
4 0.51611328125 0.74072265625 0.0576171875 0.1123046875
4 0.60546875 0.8564453125 0.044921875 0.10546875
4 0.56201171875 0.85498046875 0.0302734375 0.0908203125
4 0.8154296875 0.48828125 0.025390625 0.07421875
4 0.9794921875 0.46875 0.033203125 0.078125
4 0.93701171875 0.47802734375 0.0341796875 0.0751953125
4 0.896484375 0.47802734375 0.03125 0.0849609375
4 0.8525390625 0.4912109375 0.03125 0.078125
4 0.779296875 0.48974609375 0.025390625 0.0517578125
