4 0.0146484375 0.91796875 0.02734375 0.0859375
4 0.4521484375 0.052734375 0.025390625 0.07421875
4 0.46875 0.052734375 0.021484375 0.064453125
4 0.47216796875 0.6064453125 0.0517578125 0.205078125
4 0.49853515625 0.61181640625 0.0458984375 0.1748046875
4 0.37890625 0.0361328125 0.072265625 0.0703125
4 0.51953125 0.81103515625 0.056640625 0.1396484375
4 0.49365234375 0.81298828125 0.0361328125 0.1005859375
4 0.517578125 0.97705078125 0.03125 0.0458984375
4 0.54345703125 0.9638671875 0.0576171875 0.072265625
