3 0.94677734375 0.02734375 0.0126953125 0.013671875
3 0.96533203125 0.13525390625 0.0126953125 0.0146484375
3 0.98583984375 0.1123046875 0.0126953125 0.013671875
3 0.96142578125 0.115234375 0.0146484375 0.013671875
3 0.98046875 0.08984375 0.01171875 0.013671875
3 0.95654296875 0.09375 0.0126953125 0.013671875
3 0.9775390625 0.07080078125 0.013671875 0.0126953125
3 0.953125 0.07421875 0.013671875 0.013671875
3 0.9716796875 0.02392578125 0.013671875 0.0146484375
3 0.96630859375 0.0048828125 0.0166015625 0.0078125
3 0.943359375 0.00732421875 0.013671875 0.0126953125
3 0.83203125 0.02587890625 0.01171875 0.0146484375
3 0.818359375 0.02734375 0.01171875 0.013671875
3 0.80615234375 0.02978515625 0.0107421875 0.0126953125
3 0.673828125 0.4287109375 0.01171875 0.01171875
3 0.6767578125 0.44384765625 0.01171875 0.0126953125
3 0.67724609375 0.458984375 0.0126953125 0.01171875
3 0.68017578125 0.47509765625 0.0126953125 0.0126953125
3 0.64599609375 0.482421875 0.0087890625 0.009765625
3 0.646484375 0.49560546875 0.0078125 0.0087890625
3 0.67724609375 0.50634765625 0.0185546875 0.0205078125
3 0.990234375 0.1318359375 0.015625 0.015625
3 0.97265625 0.2158203125 0.015625 0.017578125
3 0.9990234375 0.24365234375 0.001953125 0.0224609375
3 0.99658203125 0.212890625 0.0068359375 0.017578125
3 0.97802734375 0.24853515625 0.0185546875 0.0166015625
3 0.68115234375 0.5322265625 0.0205078125 0.01953125
