3 0.50439453125 0.708984375 0.0400390625 0.0390625
3 0.4853515625 0.7822265625 0.0390625 0.0390625
3 0.53076171875 0.7548828125 0.0380859375 0.037109375
3 0.51171875 0.8271484375 0.0390625 0.041015625
3 0.55810546875 0.80029296875 0.0380859375 0.0400390625
3 0.458984375 0.7353515625 0.037109375 0.041015625
3 0.4775390625 0.66259765625 0.041015625 0.0400390625
3 0.431640625 0.689453125 0.0390625 0.0390625
3 0.44921875 0.61474609375 0.0390625 0.0400390625
3 0.17041015625 0.52685546875 0.0126953125 0.0146484375
3 0.171875 0.5546875 0.01171875 0.013671875
3 0.04931640625 0.791015625 0.0517578125 0.05078125
3 0.07421875 0.8583984375 0.05078125 0.05078125
3 0.1279296875 0.7626953125 0.052734375 0.05078125
3 0.15234375 0.83154296875 0.052734375 0.0537109375
3 0.10009765625 0.92626953125 0.0517578125 0.0517578125
3 0.126953125 0.9853515625 0.0546875 0.029296875
3 0.47705078125 0.2744140625 0.0458984375 0.044921875
3 0.53857421875 0.2412109375 0.0244140625 0.025390625
3 0.55126953125 0.28369140625 0.0263671875 0.0244140625
3 0.583984375 0.2265625 0.02734375 0.025390625
3 0.2421875 0.7294921875 0.056640625 0.056640625
3 0.3125 0.69970703125 0.0546875 0.0576171875
3 0.271484375 0.7998046875 0.056640625 0.056640625
3 0.30029296875 0.869140625 0.0556640625 0.056640625
3 0.34033203125 0.76904296875 0.0556640625 0.0556640625
3 0.37109375 0.83984375 0.052734375 0.056640625
3 0.18505859375 0.54931640625 0.0146484375 0.0166015625
3 0.40283203125 0.6416015625 0.0400390625 0.041015625
3 0.15380859375 0.533203125 0.0126953125 0.01171875
3 0.07275390625 0.45166015625 0.0146484375 0.0166015625
3 0.00927734375 0.259765625 0.0166015625 0.0234375
3 0.015625 0.2880859375 0.021484375 0.0234375
3 0.03271484375 0.25 0.0205078125 0.01953125
3 0.04345703125 0.27783203125 0.0205078125 0.0224609375
3 0.05712890625 0.30615234375 0.0166015625 0.0185546875
3 0.087890625 0.26953125 0.01953125 0.01953125
3 0.11328125 0.26123046875 0.01953125 0.0205078125
3 0.05712890625 0.40673828125 0.0166015625 0.0185546875
3 0.06640625 0.42919921875 0.015625 0.0166015625
3 0.09033203125 0.39599609375 0.0205078125 0.0224609375
3 0.10107421875 0.43115234375 0.0224609375 0.0244140625
3 0.1201171875 0.38720703125 0.0234375 0.0244140625
3 0.14697265625 0.37646484375 0.0166015625 0.0166015625
3 0.15478515625 0.4013671875 0.0126953125 0.013671875
3 0.13037109375 0.41943359375 0.0224609375 0.0224609375
3 0.162109375 0.41943359375 0.01171875 0.0126953125
3 0.1142578125 0.544921875 0.01953125 0.0234375
3 0.123046875 0.5712890625 0.021484375 0.021484375
3 0.150390625 0.5634765625 0.013671875 0.015625
3 0.89990234375 0.568359375 0.0517578125 0.048828125
3 0.8515625 0.66259765625 0.052734375 0.0517578125
3 0.923828125 0.63671875 0.05078125 0.05078125
3 0.87646484375 0.7255859375 0.0380859375 0.0390625
3 0.9482421875 0.697265625 0.037109375 0.0390625
3 0.9990234375 0.40625 0.001953125 0.041015625
3 0.98583984375 0.330078125 0.0283203125 0.04296875
3 0.828125 0.59375 0.05078125 0.05078125
3 0.8349609375 0.14990234375 0.015625 0.0166015625
3 0.5390625 0.56494140625 0.037109375 0.0400390625
3 0.56591796875 0.61376953125 0.0400390625 0.0400390625
3 0.3232421875 0.43310546875 0.013671875 0.0146484375
3 0.17578125 0.8984375 0.05078125 0.052734375
3 0.20263671875 0.9697265625 0.0537109375 0.052734375
3 0.306640625 0.439453125 0.013671875 0.01171875
3 0.34619140625 0.42578125 0.0146484375 0.015625
3 0.81884765625 0.16064453125 0.0166015625 0.0166015625
3 0.61474609375 0.26123046875 0.0126953125 0.0126953125
3 0.59375 0.66015625 0.0390625 0.0390625
3 0.6201171875 0.70703125 0.041015625 0.0390625
3 0.646484375 0.751953125 0.0390625 0.037109375
3 0.58740234375 0.5400390625 0.0400390625 0.0390625
3 0.61328125 0.5859375 0.0390625 0.037109375
3 0.64013671875 0.6337890625 0.0400390625 0.037109375
3 0.6669921875 0.68017578125 0.0390625 0.0361328125
3 0.69287109375 0.7255859375 0.0380859375 0.0390625
3 0.6201171875 0.21337890625 0.025390625 0.0244140625
3 0.59521484375 0.2666015625 0.0126953125 0.013671875
3 0.7177734375 0.3896484375 0.03125 0.03125
3 0.3662109375 0.41845703125 0.015625 0.0146484375
3 0.75732421875 0.3759765625 0.0302734375 0.03125
3 0.7314453125 0.42822265625 0.03125 0.0302734375
3 0.7451171875 0.466796875 0.03125 0.03125
3 0.759765625 0.50439453125 0.029296875 0.0302734375
3 0.77099609375 0.41455078125 0.0302734375 0.0322265625
3 0.78515625 0.45263671875 0.029296875 0.0302734375
3 0.79931640625 0.490234375 0.0302734375 0.03125
3 0.82275390625 0.32177734375 0.0380859375 0.0361328125
3 0.83935546875 0.3681640625 0.0361328125 0.03515625
3 0.85546875 0.4140625 0.03515625 0.03515625
3 0.873046875 0.4599609375 0.03515625 0.037109375
3 0.75537109375 0.1474609375 0.0283203125 0.029296875
