4 0.37744140625 0.4521484375 0.1240234375 0.115234375
4 0.1943359375 0.568359375 0.15234375 0.04296875
4 0.4033203125 0.4697265625 0.12890625 0.119140625
3 0.00537109375 0.44091796875 0.0087890625 0.0244140625
4 0.42626953125 0.48876953125 0.1162109375 0.1064453125
4 0.275390625 0.79638671875 0.1015625 0.1357421875
4 0.47900390625 0.748046875 0.1376953125 0.072265625
3 0.427734375 0.85791015625 0.02734375 0.0283203125
3 0.45654296875 0.84130859375 0.0283203125 0.0283203125
3 0.498046875 0.8193359375 0.029296875 0.029296875
3 0.52490234375 0.8046875 0.0302734375 0.029296875
3 0.21923828125 0.3251953125 0.0283203125 0.029296875
3 0.248046875 0.30517578125 0.02734375 0.0283203125
3 0.025390625 0.4306640625 0.025390625 0.02734375
3 0.01318359375 0.40283203125 0.0263671875 0.0263671875
3 0.2802734375 0.29931640625 0.029296875 0.0302734375
3 0.3095703125 0.28759765625 0.029296875 0.0302734375
3 0.3515625 0.26513671875 0.025390625 0.0283203125
3 0.6220703125 0.13623046875 0.02734375 0.0263671875
3 0.64892578125 0.126953125 0.0244140625 0.02734375
3 0.3798828125 0.25390625 0.02734375 0.029296875
3 0.64111328125 0.099609375 0.0263671875 0.02734375
3 0.61279296875 0.109375 0.0283203125 0.02734375
4 0.82763671875 0.48828125 0.1005859375 0.138671875
4 0.79736328125 0.5 0.1064453125 0.1484375
3 0.41455078125 0.23876953125 0.0244140625 0.0263671875
3 0.44140625 0.22900390625 0.029296875 0.0322265625
3 0.46923828125 0.2119140625 0.0224609375 0.0234375
4 0.5810546875 0.62890625 0.125 0.1328125
3 0.62890625 0.72705078125 0.021484375 0.0224609375
3 0.65966796875 0.7177734375 0.0283203125 0.02734375
3 0.74853515625 0.6962890625 0.0322265625 0.03515625
3 0.82080078125 0.6611328125 0.0263671875 0.029296875
3 0.84716796875 0.6484375 0.0283203125 0.02734375
3 0.87646484375 0.634765625 0.0283203125 0.029296875
3 0.9052734375 0.623046875 0.03125 0.033203125
3 0.71435546875 0.7119140625 0.0322265625 0.03515625
