3 0.015625 0.287109375 0.029296875 0.037109375
3 0.2568359375 0.53759765625 0.017578125 0.0166015625
3 0.23583984375 0.5380859375 0.0166015625 0.017578125
3 0.2568359375 0.55517578125 0.013671875 0.0146484375
3 0.25634765625 0.57275390625 0.0146484375 0.0146484375
3 0.236328125 0.55517578125 0.013671875 0.0146484375
3 0.20947265625 0.548828125 0.0244140625 0.0234375
3 0.18115234375 0.53369140625 0.0185546875 0.0166015625
3 0.18212890625 0.55419921875 0.0185546875 0.0185546875
3 0.23681640625 0.57177734375 0.0146484375 0.0146484375
3 0.2099609375 0.5791015625 0.0234375 0.021484375
3 0.1787109375 0.5849609375 0.025390625 0.025390625
3 0.07080078125 0.28564453125 0.0380859375 0.0380859375
3 0.06884765625 0.22509765625 0.0400390625 0.0400390625
3 0.19970703125 0.48779296875 0.0068359375 0.0087890625
3 0.01513671875 0.224609375 0.0283203125 0.0390625
3 0.068359375 0.16552734375 0.037109375 0.0380859375
3 0.01416015625 0.16552734375 0.0263671875 0.0400390625
3 0.0673828125 0.103515625 0.0390625 0.0390625
3 0.013671875 0.10302734375 0.025390625 0.0380859375
3 0.06591796875 0.05078125 0.0380859375 0.041015625
3 0.01416015625 0.0498046875 0.0263671875 0.041015625
3 0.208984375 0.51708984375 0.021484375 0.0205078125
3 0.21044921875 0.48779296875 0.0068359375 0.0087890625
3 0.60546875 0.0478515625 0.09765625 0.09375
3 0.2216796875 0.4873046875 0.0078125 0.0078125
